     45.9667      29.0719     -25.1157     -20.5069     -17.4884     -15.3383     -13.7190     -12.4498     -11.4247     -10.5772      -9.8633      -9.2526      -8.7234      -8.2599      -7.8501      -7.4847      -7.1568      -6.8605      -6.5914      -6.3456
     29.0719     124.7667      64.5311     -32.4243     -27.6515     -24.2520     -21.6916     -19.6848     -18.0640     -16.7241     -15.5953     -14.6297     -13.7930     -13.0601     -12.4121     -11.8344     -11.3159     -10.8474     -10.4219     -10.0333
    -25.1157      64.5311     203.5667     101.8716     -36.5795     -32.0824     -28.6953     -26.0406     -23.8965     -22.1238     -20.6306     -19.3532     -18.2464     -17.2768     -16.4196     -15.6555     -14.9695     -14.3498     -13.7868     -13.2729
    -20.5069     -32.4243     101.8716     282.3667     140.0018     -39.2927     -35.1445     -31.8931     -29.2671     -27.0961     -25.2672     -23.7027     -22.3472     -21.1597     -20.1098     -19.1740     -18.3338     -17.5748     -16.8854     -16.2559
    -17.4884     -27.6515     -36.5795     140.0018     361.1667     178.5398     -41.2105     -37.3980     -34.3187     -31.7730     -29.6284     -27.7939     -26.2044     -24.8120     -23.5809     -22.4835     -21.4983     -20.6083     -19.7998     -19.0617
    -15.3383     -24.2520     -32.0824     -39.2927     178.5398     439.9667     217.3160     -42.6402     -39.1294     -36.2267     -33.7816     -31.6900     -29.8776     -28.2900     -26.8863     -25.6351     -24.5118     -23.4971     -22.5753     -21.7337
    -13.7190     -21.6916     -28.6953     -35.1445     -41.2105     217.3160     518.7667     256.2436     -43.7479     -40.5027     -37.7690     -35.4305     -33.4042     -31.6292     -30.0598     -28.6609     -27.4051     -26.2706     -25.2399     -24.2990
    -12.4498     -19.6848     -26.0406     -31.8931     -37.3980     -42.6402     256.2436     597.5667     295.2733     -44.6318     -41.6194     -39.0425     -36.8096     -34.8537     -33.1243     -31.5828     -30.1989     -28.9488     -27.8131     -26.7762
    -11.4247     -18.0640     -23.8965     -29.2671     -34.3187     -39.1294     -43.7479     295.2733     676.3667     334.3754     -45.3537     -42.5455     -40.1123     -37.9809     -36.0964     -34.4165     -32.9085     -31.5462     -30.3086     -29.1787
    -10.5772     -16.7241     -22.1238     -27.0961     -31.7730     -36.2267     -40.5027     -44.6318     334.3754     755.1667     373.5303     -45.9544     -43.3263     -41.0241     -38.9885     -37.1741     -35.5453     -34.0738     -32.7370     -31.5166
     -9.8633     -15.5953     -20.6306     -25.2672     -29.6284     -33.7816     -37.7690     -41.6194     -45.3537     373.5303     833.9667     412.7253     -46.4622     -43.9934     -41.8105     -39.8648     -38.1180     -36.5400     -35.1065     -33.7978
     -9.2526     -14.6297     -19.3532     -23.7027     -27.7939     -31.6900     -35.4305     -39.0425     -42.5455     -45.9544     412.7253     912.7667     451.9512     -46.8971     -44.5702     -42.4960     -40.6340     -38.9518     -37.4237     -36.0285
     -8.7234     -13.7930     -18.2464     -22.3472     -26.2044     -29.8776     -33.4042     -36.8096     -40.1123     -43.3263     -46.4622     451.9512     991.5667     491.2016     -47.2738     -45.0738     -43.0988     -41.3146     -39.6938     -38.2140
     -8.2599     -13.0601     -17.2768     -21.1597     -24.8120     -28.2900     -31.6292     -34.8537     -37.9809     -41.0241     -43.9934     -46.8971     491.2016    1070.3667     530.4715     -47.6033     -45.5174     -43.6331     -41.9214     -40.3585
     -7.8501     -12.4121     -16.4196     -20.1098     -23.5809     -26.8863     -30.0598     -33.1243     -36.0964     -38.9885     -41.8105     -44.5702     -47.2738     530.4715    1149.1667     569.7575     -47.8938     -45.9112     -44.1100     -42.4656
     -7.4847     -11.8344     -15.6555     -19.1740     -22.4835     -25.6351     -28.6609     -31.5828     -34.4165     -37.1741     -39.8648     -42.4960     -45.0738     -47.6033     569.7575    1227.9667     609.0566     -48.1520     -46.2630     -44.5383
     -7.1568     -11.3159     -14.9695     -18.3338     -21.4983     -24.5118     -27.4051     -30.1989     -32.9085     -35.5453     -38.1180     -40.6340     -43.0988     -45.5174     -47.8938     609.0566    1306.7667     648.3668     -48.3830     -46.5792
     -6.8605     -10.8474     -14.3498     -17.5748     -20.6083     -23.4971     -26.2706     -28.9488     -31.5462     -34.0738     -36.5400     -38.9518     -41.3146     -43.6331     -45.9112     -48.1520     648.3668    1385.5667     687.6864     -48.5908
     -6.5914     -10.4219     -13.7868     -16.8854     -19.7998     -22.5753     -25.2399     -27.8131     -30.3086     -32.7370     -35.1065     -37.4237     -39.6938     -41.9214     -44.1100     -46.2630     -48.3830     687.6864    1464.3667     727.0138
     -6.3456     -10.0333     -13.2729     -16.2559     -19.0617     -21.7337     -24.2990     -26.7762     -29.1787     -31.5166     -33.7978     -36.0285     -38.2140     -40.3585     -42.4656     -44.5383     -46.5792     -48.5908     727.0138    1543.1667
