     46.0430      29.1201     -25.1574     -20.5410     -17.5174     -15.3638     -13.7418     -12.4704     -11.4437     -10.5948      -9.8797
     29.1201     124.9738      64.6382     -32.4781     -27.6974     -24.2922     -21.7276     -19.7175     -18.0940     -16.7518     -15.6211
    -25.1574      64.6382     203.9046     102.0407     -36.6402     -32.1356     -28.7430     -26.0838     -23.9362     -22.1606     -20.6648
    -20.5410     -32.4781     102.0407     282.8354     140.2342     -39.3579     -35.2028     -31.9460     -29.3157     -27.1410     -25.3092
    -17.5174     -27.6974     -36.6402     140.2342     361.7662     178.8361     -41.2789     -37.4600     -34.3757     -31.8257     -29.6776
    -15.3638     -24.2922     -32.1356     -39.3579     178.8361     440.6970     217.6767     -42.7110     -39.1943     -36.2869     -33.8377
    -13.7418     -21.7276     -28.7430     -35.2028     -41.2789     217.6767     519.6278     256.6689     -43.8206     -40.5700     -37.8317
    -12.4704     -19.7175     -26.0838     -31.9460     -37.4600     -42.7110     256.6689     598.5586     295.7635     -44.7059     -41.6885
    -11.4437     -18.0940     -23.9362     -29.3157     -34.3757     -39.1943     -43.8206     295.7635     677.4894     334.9304     -45.4290
    -10.5948     -16.7518     -22.1606     -27.1410     -31.8257     -36.2869     -40.5700     -44.7059     334.9304     756.4202     374.1504
     -9.8797     -15.6211     -20.6648     -25.3092     -29.6776     -33.8377     -37.8317     -41.6885     -45.4290     374.1504     835.3510
