     11.5107       7.2800      -6.2894      -5.1352      -4.3793      -3.8409      -3.4354      -3.1176      -2.8609      -2.6487      -2.4699      -2.3170      -2.1845      -2.0684      -1.9658      -1.8743      -1.7922      -1.7180      -1.6506      -1.5890      -1.5326      -1.4806      -1.4326      -1.3881      -1.3466
      7.2800      31.2434      16.1596      -8.1195      -6.9244      -6.0731      -5.4319      -4.9294      -4.5235      -4.1880      -3.9053      -3.6635      -3.4540      -3.2704      -3.1082      -2.9635      -2.8337      -2.7164      -2.6098      -2.5125      -2.4233      -2.3411      -2.2652      -2.1947      -2.1292
     -6.2894      16.1596      50.9761      25.5102      -9.1601      -8.0339      -7.1857      -6.5210      -5.9840      -5.5401      -5.1662      -4.8463      -4.5692      -4.3264      -4.1117      -3.9204      -3.7486      -3.5934      -3.4524      -3.3237      -3.2057      -3.0970      -2.9965      -2.9033      -2.8167
     -5.1352      -8.1195      25.5102      70.7088      35.0585      -9.8395      -8.8007      -7.9865      -7.3289      -6.7853      -6.3273      -5.9355      -5.5961      -5.2987      -5.0358      -4.8014      -4.5911      -4.4010      -4.2283      -4.0707      -3.9261      -3.7930      -3.6700      -3.5558      -3.4497
     -4.3793      -6.9244      -9.1601      35.0585      90.4415      44.7090     -10.3197      -9.3650      -8.5939      -7.9564      -7.4194      -6.9600      -6.5620      -6.2133      -5.9050      -5.6302      -5.3835      -5.1606      -4.9582      -4.7733      -4.6038      -4.4477      -4.3034      -4.1696      -4.0451
     -3.8409      -6.0731      -8.0339      -9.8395      44.7090     110.1742      54.4192     -10.6778      -9.7986      -9.0717      -8.4594      -7.9356      -7.4818      -7.0842      -6.7327      -6.4194      -6.1381      -5.8840      -5.6532      -5.4424      -5.2492      -5.0712      -4.9067      -4.7541      -4.6121
     -3.4354      -5.4319      -7.1857      -8.8007     -10.3197      54.4192     129.9069      64.1672     -10.9551     -10.1425      -9.4579      -8.8723      -8.3649      -7.9204      -7.5274      -7.1771      -6.8626      -6.5785      -6.3205      -6.0848      -5.8687      -5.6697      -5.4858      -5.3152      -5.1565
     -3.1176      -4.9294      -6.5210      -7.9865      -9.3650     -10.6778      64.1672     149.6396      73.9409     -11.1765     -10.4221      -9.7768      -9.2177      -8.7279      -8.2948      -7.9088      -7.5623      -7.2492      -6.9648      -6.7052      -6.4670      -6.2477      -6.0451      -5.8571      -5.6822
     -2.8609      -4.5235      -5.9840      -7.3289      -8.5939      -9.7986     -10.9551      73.9409     169.3723      83.7326     -11.3572     -10.6540     -10.0447      -9.5110      -9.0391      -8.6184      -8.2408      -7.8996      -7.5897      -7.3068      -7.0473      -6.8083      -6.5875      -6.3826      -6.1920
     -2.6487      -4.1880      -5.5401      -6.7853      -7.9564      -9.0717     -10.1425     -11.1765      83.7326     189.1050      93.5376     -11.5077     -10.8495     -10.2730      -9.7633      -9.3090      -8.9011      -8.5326      -8.1978      -7.8922      -7.6119      -7.3538      -7.1153      -6.8940      -6.6882
     -2.4699      -3.9053      -5.1662      -6.3273      -7.4194      -8.4594      -9.4579     -10.4221     -11.3572      93.5376     208.8377     103.3526     -11.6348     -11.0166     -10.4700      -9.9827      -9.5453      -9.1502      -8.7912      -8.4635      -8.1629      -7.8861      -7.6303      -7.3930      -7.1723
     -2.3170      -3.6635      -4.8463      -5.9355      -6.9600      -7.9356      -8.8723      -9.7768     -10.6540     -11.5077     103.3526     228.5704     113.1754     -11.7437     -11.1610     -10.6416     -10.1754      -9.7541      -9.3715      -9.0221      -8.7017      -8.4066      -8.1339      -7.8810      -7.6457
     -2.1845      -3.4540      -4.5692      -5.5961      -6.5620      -7.4818      -8.3649      -9.2177     -10.0447     -10.8495     -11.6348     113.1754     248.3031     123.0042     -11.8381     -11.2872     -10.7926     -10.3458      -9.9399      -9.5694      -9.2295      -8.9166      -8.6273      -8.3590      -8.1094
     -2.0684      -3.2704      -4.3264      -5.2987      -6.2133      -7.0842      -7.9204      -8.7279      -9.5110     -10.2730     -11.0166     -11.7437     123.0042     268.0358     132.8380     -11.9206     -11.3982     -10.9264     -10.4977     -10.1064      -9.7475      -9.4169      -9.1114      -8.8281      -8.5645
     -1.9658      -3.1082      -4.1117      -5.0358      -5.9050      -6.7327      -7.5274      -8.2948      -9.0391      -9.7633     -10.4700     -11.1610     -11.8381     132.8380     287.7685     142.6758     -11.9933     -11.4968     -11.0458     -10.6340     -10.2564      -9.9086      -9.5871      -9.2890      -9.0117
     -1.8743      -2.9635      -3.9204      -4.8014      -5.6302      -6.4194      -7.1771      -7.9088      -8.6184      -9.3090      -9.9827     -10.6416     -11.2872     -11.9206     142.6758     307.5012     152.5169     -12.0580     -11.5849     -11.1530     -10.7570     -10.3922     -10.0551      -9.7424      -9.4515
     -1.7922      -2.8337      -3.7486      -4.5911      -5.3835      -6.1381      -6.8626      -7.5623      -8.2408      -8.9011      -9.5453     -10.1754     -10.7926     -11.3982     -11.9933     152.5169     327.2339     162.3608     -12.1158     -11.6641     -11.2499     -10.8684     -10.5158     -10.1888      -9.8846
     -1.7180      -2.7164      -3.5934      -4.4010      -5.1606      -5.8840      -6.5785      -7.2492      -7.8996      -8.5326      -9.1502      -9.7541     -10.3458     -10.9264     -11.4968     -12.0580     162.3608     346.9666     172.2070     -12.1679     -11.7357     -11.3378     -10.9700     -10.6289     -10.3115
     -1.6506      -2.6098      -3.4524      -4.2283      -4.9582      -5.6532      -6.3205      -6.9648      -7.5897      -8.1978      -8.7912      -9.3715      -9.9399     -10.4977     -11.0458     -11.5849     -12.1158     172.2070     366.6993     182.0552     -12.2149     -11.8007     -11.4179     -11.0629     -10.7326
     -1.5890      -2.5125      -3.3237      -4.0707      -4.7733      -5.4424      -6.0848      -6.7052      -7.3068      -7.8922      -8.4635      -9.0221      -9.5694     -10.1064     -10.6340     -11.1530     -11.6641     -12.1679     182.0552     386.4320     191.9051     -12.2577     -11.8601     -11.4913     -11.1482
     -1.5326      -2.4233      -3.2057      -3.9261      -4.6038      -5.2492      -5.8687      -6.4670      -7.0473      -7.6119      -8.1629      -8.7017      -9.2295      -9.7475     -10.2564     -10.7570     -11.2499     -11.7357     -12.2149     191.9051     406.1647     201.7564     -12.2968     -11.9144     -11.5587
     -1.4806      -2.3411      -3.0970      -3.7930      -4.4477      -5.0712      -5.6697      -6.2477      -6.8083      -7.3538      -7.8861      -8.4066      -8.9166      -9.4169      -9.9086     -10.3922     -10.8684     -11.3378     -11.8007     -12.2577     201.7564     425.8974     211.6091     -12.3326     -11.9643
     -1.4326      -2.2652      -2.9965      -3.6700      -4.3034      -4.9067      -5.4858      -6.0451      -6.5875      -7.1153      -7.6303      -8.1339      -8.6273      -9.1114      -9.5871     -10.0551     -10.5158     -10.9700     -11.4179     -11.8601     -12.2968     211.6091     445.6301     221.4629     -12.3655
     -1.3881      -2.1947      -2.9033      -3.5558      -4.1696      -4.7541      -5.3152      -5.8571      -6.3826      -6.8940      -7.3930      -7.8810      -8.3590      -8.8281      -9.2890      -9.7424     -10.1888     -10.6289     -11.0629     -11.4913     -11.9144     -12.3326     221.4629     465.3628     231.3177
     -1.3466      -2.1292      -2.8167      -3.4497      -4.0451      -4.6121      -5.1565      -5.6822      -6.1920      -6.6882      -7.1723      -7.6457      -8.1094      -8.5645      -9.0117      -9.4515      -9.8846     -10.3115     -10.7326     -11.1482     -11.5587     -11.9643     -12.3655     231.3177     485.0955
