     70.0146      58.6639      15.7905       7.6721       7.5837       3.2062       3.0731       1.1628
     58.6639     157.9180      87.1124      17.6752       3.7244      10.4710       2.9577       5.0014
     15.7905      87.1124     228.9598     128.3123      14.1317       3.0758      10.4151       3.0622
      7.6721      17.6752     128.3123     306.3380     168.9539      10.5991       3.9248       8.8519
      7.5837       3.7244      14.1317     168.9539     386.2993     207.2627       9.5375       3.6931
      3.2062      10.4710       3.0758      10.5991     207.2627     463.2433     247.2824       8.2235
      3.0731       2.9577      10.4151       3.9248       9.5375     247.2824     540.1410     287.7877
      1.1628       5.0014       3.0622       8.8519       3.6931       8.2235     287.7877     617.8782
