     17.2853      14.9974      -0.0281      -0.0089       0.0083      -0.0084       0.0085      -0.0084       0.0083      -0.0081       0.0078      -0.0075       0.0071      -0.0068       0.0064      -0.0060       0.0057      -0.0053       0.0050      -0.0046       0.0043      -0.0040       0.0037      -0.0035       0.0032
     14.9974      37.7230      25.1760      -0.0601      -0.0217       0.0186      -0.0184       0.0183      -0.0179       0.0173      -0.0166       0.0159      -0.0151       0.0143      -0.0135       0.0127      -0.0119       0.0112      -0.0104       0.0097      -0.0090       0.0084      -0.0078       0.0072      -0.0066
     -0.0281      25.1760      58.0703      35.0685      -0.1000      -0.0369       0.0287      -0.0280       0.0276      -0.0267       0.0257      -0.0245       0.0233      -0.0221       0.0208      -0.0195       0.0183      -0.0171       0.0160      -0.0149       0.0138      -0.0128       0.0119      -0.0110       0.0101
     -0.0089      -0.0601      35.0685      78.3352      44.8936      -0.1473      -0.0528       0.0368      -0.0356       0.0349      -0.0334       0.0319      -0.0303       0.0287      -0.0270       0.0254      -0.0238       0.0222      -0.0207       0.0193      -0.0179       0.0166      -0.0154       0.0142      -0.0131
      0.0083      -0.0217      -0.1000      44.8936      98.5270      54.7069      -0.1999      -0.0687       0.0421      -0.0408       0.0398      -0.0378       0.0360      -0.0340       0.0321      -0.0301       0.0282      -0.0264       0.0246      -0.0229       0.0212      -0.0197       0.0182      -0.0169       0.0156
     -0.0084       0.0186      -0.0369      -0.1473      54.7069     118.6549      64.5264      -0.2563      -0.0844       0.0444      -0.0436       0.0425      -0.0400       0.0379      -0.0357       0.0336      -0.0314       0.0294      -0.0274       0.0255      -0.0237       0.0219      -0.0203       0.0188      -0.0173
      0.0085      -0.0184       0.0287      -0.0528      -0.1999      64.5264     138.7278      74.3575      -0.3144      -0.1001       0.0441      -0.0444       0.0432      -0.0404       0.0382      -0.0359       0.0336      -0.0314       0.0293      -0.0272       0.0253      -0.0234       0.0217      -0.0200       0.0185
     -0.0084       0.0183      -0.0280       0.0368      -0.0687      -0.2563      74.3575     158.7538      84.2010      -0.3728      -0.1158       0.0413      -0.0436       0.0425      -0.0394       0.0372      -0.0348       0.0325      -0.0303       0.0282      -0.0262       0.0243      -0.0224       0.0207      -0.0192
      0.0083      -0.0179       0.0276      -0.0356       0.0421      -0.0844      -0.3144      84.2010     178.7401      94.0559      -0.4302      -0.1318       0.0366      -0.0418       0.0407      -0.0374       0.0353      -0.0329       0.0307      -0.0285       0.0265      -0.0246       0.0227      -0.0210       0.0194
     -0.0081       0.0173      -0.0267       0.0349      -0.0408       0.0444      -0.1001      -0.3728      94.0559     198.6928     103.9204      -0.4855      -0.1481       0.0302      -0.0393       0.0382      -0.0347       0.0328      -0.0305       0.0284      -0.0263       0.0244      -0.0226       0.0209      -0.0193
      0.0078      -0.0166       0.0257      -0.0334       0.0398      -0.0436       0.0441      -0.1158      -0.4302     103.9204     218.6174     113.7929      -0.5382      -0.1649       0.0226      -0.0365       0.0353      -0.0317       0.0300      -0.0278       0.0258      -0.0239       0.0222      -0.0205       0.0189
     -0.0075       0.0159      -0.0245       0.0319      -0.0378       0.0425      -0.0444       0.0413      -0.1318      -0.4855     113.7929     238.5181     123.6716      -0.5876      -0.1821       0.0140      -0.0337       0.0321      -0.0285       0.0271      -0.0250       0.0232      -0.0215       0.0199      -0.0183
      0.0071      -0.0151       0.0233      -0.0303       0.0360      -0.0400       0.0432      -0.0436       0.0366      -0.1481      -0.5382     123.6716     258.3988     133.5550      -0.6336      -0.1997       0.0047      -0.0311       0.0290      -0.0253       0.0243      -0.0222       0.0207      -0.0191       0.0176
     -0.0068       0.0143      -0.0221       0.0287      -0.0340       0.0379      -0.0404       0.0425      -0.0418       0.0302      -0.1649      -0.5876     133.5550     278.2625     143.4421      -0.6761      -0.2176      -0.0052      -0.0289       0.0259      -0.0222       0.0215      -0.0196       0.0182      -0.0168
      0.0064      -0.0135       0.0208      -0.0270       0.0321      -0.0357       0.0382      -0.0394       0.0407      -0.0393       0.0226      -0.1821      -0.6336     143.4421     298.1120     153.3317      -0.7150      -0.2357      -0.0155      -0.0271       0.0230      -0.0193       0.0190      -0.0172       0.0160
     -0.0060       0.0127      -0.0195       0.0254      -0.0301       0.0336      -0.0359       0.0372      -0.0374       0.0382      -0.0365       0.0140      -0.1997      -0.6761     153.3317     317.9492     163.2231      -0.7505      -0.2540      -0.0262      -0.0257       0.0202      -0.0166       0.0167      -0.0149
      0.0057      -0.0119       0.0183      -0.0238       0.0282      -0.0314       0.0336      -0.0348       0.0353      -0.0347       0.0353      -0.0337       0.0047      -0.2176      -0.7150     163.2231     337.7760     173.1157      -0.7826      -0.2723      -0.0371      -0.0250       0.0176      -0.0142       0.0146
     -0.0053       0.0112      -0.0171       0.0222      -0.0264       0.0294      -0.0314       0.0325      -0.0329       0.0328      -0.0317       0.0321      -0.0311      -0.0052      -0.2357      -0.7505     173.1157     357.5938     183.0090      -0.8116      -0.2905      -0.0481      -0.0247       0.0151      -0.0120
      0.0050      -0.0104       0.0160      -0.0207       0.0246      -0.0274       0.0293      -0.0303       0.0307      -0.0305       0.0300      -0.0285       0.0290      -0.0289      -0.0155      -0.2540      -0.7826     183.0090     377.4040     192.9026      -0.8376      -0.3085      -0.0593      -0.0250       0.0128
     -0.0046       0.0097      -0.0149       0.0193      -0.0229       0.0255      -0.0272       0.0282      -0.0285       0.0284      -0.0278       0.0271      -0.0253       0.0259      -0.0271      -0.0262      -0.2723      -0.8116     192.9026     397.2075     202.7961      -0.8609      -0.3263      -0.0705      -0.0258
      0.0043      -0.0090       0.0138      -0.0179       0.0212      -0.0237       0.0253      -0.0262       0.0265      -0.0263       0.0258      -0.0250       0.0243      -0.0222       0.0230      -0.0257      -0.0371      -0.2905      -0.8376     202.7961     417.0053     212.6895      -0.8816      -0.3437      -0.0817
     -0.0040       0.0084      -0.0128       0.0166      -0.0197       0.0219      -0.0234       0.0243      -0.0246       0.0244      -0.0239       0.0232      -0.0222       0.0215      -0.0193       0.0202      -0.0250      -0.0481      -0.3085      -0.8609     212.6895     436.7979     222.5824      -0.9001      -0.3607
      0.0037      -0.0078       0.0119      -0.0154       0.0182      -0.0203       0.0217      -0.0224       0.0227      -0.0226       0.0222      -0.0215       0.0207      -0.0196       0.0190      -0.0166       0.0176      -0.0247      -0.0593      -0.3263      -0.8816     222.5824     456.5861     232.4749      -0.9164
     -0.0035       0.0072      -0.0110       0.0142      -0.0169       0.0188      -0.0200       0.0207      -0.0210       0.0209      -0.0205       0.0199      -0.0191       0.0182      -0.0172       0.0167      -0.0142       0.0151      -0.0250      -0.0705      -0.3437      -0.9001     232.4749     476.3704     242.3668
      0.0032      -0.0066       0.0101      -0.0131       0.0156      -0.0173       0.0185      -0.0192       0.0194      -0.0193       0.0189      -0.0183       0.0176      -0.0168       0.0160      -0.0149       0.0146      -0.0120       0.0128      -0.0258      -0.0817      -0.3607      -0.9164     242.3668     496.1511
