    132.0234      29.0448       1.5659       0.2337       0.0647       0.0324       0.0209       0.0148       0.0111       0.0085       0.0068       0.0055       0.0045       0.0038       0.0032       0.0028       0.0024       0.0021       0.0018       0.0016       0.0015       0.0013       0.0012       0.0011       0.0010
     29.0448     113.0627      41.3165       2.2678       0.2140      -0.0359      -0.0476      -0.0369      -0.0278      -0.0215      -0.0170      -0.0138      -0.0113      -0.0095      -0.0080      -0.0069      -0.0060      -0.0052      -0.0046      -0.0041      -0.0036      -0.0033      -0.0029      -0.0027      -0.0024
      1.5659      41.3165     125.8956      55.0026       3.7754       0.6282       0.0951       0.0149       0.0034       0.0016       0.0012       0.0009       0.0008       0.0006       0.0005       0.0005       0.0004       0.0004       0.0003       0.0003       0.0002       0.0002       0.0002       0.0002       0.0002
      0.2337       2.2678      55.0026     138.3945      66.8160       4.9649       0.9610       0.1622       0.0250       0.0037       0.0006       0.0001       0.0001       0.0001       0.0000       0.0000       0.0000       0.0000       0.0000       0.0000       0.0000       0.0000       0.0000       0.0000       0.0000
      0.0647       0.2140       3.7754      66.8160     152.4484      77.8600       6.0648       1.3394       0.2537       0.0429       0.0065       0.0008      -0.0000      -0.0001      -0.0001      -0.0001      -0.0001      -0.0001      -0.0001      -0.0001      -0.0001      -0.0001      -0.0000      -0.0000      -0.0000
      0.0324      -0.0359       0.6282       4.9649      77.8600     167.6519      88.3850       7.0516       1.7455       0.3669       0.0685       0.0115       0.0017       0.0001      -0.0001      -0.0001      -0.0001      -0.0001      -0.0001      -0.0001      -0.0001      -0.0001      -0.0001      -0.0000      -0.0000
      0.0209      -0.0476       0.0951       0.9610       6.0648      88.3850     183.7207      98.5575       7.9192       2.1649       0.4992       0.1016       0.0187       0.0031       0.0004      -0.0000      -0.0001      -0.0001      -0.0001      -0.0001      -0.0001      -0.0001      -0.0001      -0.0000      -0.0000
      0.0148      -0.0369       0.0149       0.1622       1.3394       7.0516      98.5575     200.4497     108.4918       8.6712       2.5869       0.6480       0.1427       0.0284       0.0051       0.0008       0.0001      -0.0001      -0.0001      -0.0001      -0.0001      -0.0001      -0.0000      -0.0000      -0.0000
      0.0111      -0.0278       0.0034       0.0250       0.2537       1.7455       7.9192     108.4918     217.6875     118.2659       9.3159       3.0033       0.8106       0.1916       0.0408       0.0079       0.0014       0.0002      -0.0000      -0.0001      -0.0000      -0.0000      -0.0000      -0.0000      -0.0000
      0.0085      -0.0215       0.0016       0.0037       0.0429       0.3669       2.1649       8.6712     118.2659     235.3218     127.9341       9.8638       3.4079       0.9841       0.2482       0.0562       0.0117       0.0022       0.0004       0.0000      -0.0000      -0.0000      -0.0000      -0.0000      -0.0000
      0.0068      -0.0170       0.0012       0.0006       0.0065       0.0685       0.4992       2.5869       9.3159     127.9341     253.2681     137.5337      10.3256       3.7962       1.1659       0.3122       0.0750       0.0164       0.0033       0.0006       0.0001      -0.0000      -0.0000      -0.0000      -0.0000
      0.0055      -0.0138       0.0009       0.0001       0.0008       0.0115       0.1016       0.6480       3.0033       9.8638     137.5337     271.4628     147.0907      10.7121       4.1654       1.3535       0.3830       0.0970       0.0224       0.0048       0.0009       0.0002       0.0000      -0.0000      -0.0000
      0.0045      -0.0113       0.0008       0.0001      -0.0000       0.0017       0.0187       0.1427       0.8106       3.4079      10.3256     147.0907     289.8574     156.6229      11.0331       4.5138       1.5446       0.4600       0.1225       0.0297       0.0067       0.0014       0.0003       0.0000      -0.0000
      0.0038      -0.0095       0.0006       0.0001      -0.0001       0.0001       0.0031       0.0284       0.1916       0.9841       3.7962      10.7121     156.6229     308.4145     166.1427      11.2976       4.8404       1.7373       0.5426       0.1514       0.0385       0.0090       0.0020       0.0004       0.0001
      0.0032      -0.0080       0.0005       0.0000      -0.0001      -0.0001       0.0004       0.0051       0.0408       0.2482       1.1659       4.1654      11.0331     166.1427     327.1053     175.6586      11.5135       5.1451       1.9298       0.6301       0.1837       0.0487       0.0119       0.0027       0.0006
      0.0028      -0.0069       0.0005       0.0000      -0.0001      -0.0001      -0.0000       0.0008       0.0079       0.0562       0.3122       1.3535       4.5138      11.2976     175.6586     345.9071     185.1762      11.6879       5.4282       2.1208       0.7217       0.2192       0.0605       0.0154       0.0036
      0.0024      -0.0060       0.0004       0.0000      -0.0001      -0.0001      -0.0001       0.0001       0.0014       0.0117       0.0750       0.3830       1.5446       4.8404      11.5135     185.1762     364.8020     194.6993      11.8267       5.6902       2.3090       0.8168       0.2579       0.0740       0.0195
      0.0021      -0.0052       0.0004       0.0000      -0.0001      -0.0001      -0.0001      -0.0001       0.0002       0.0022       0.0164       0.0970       0.4600       1.7373       5.1451      11.6879     194.6993     383.7758     204.2305      11.9351       5.9321       2.4934       0.9146       0.2995       0.0891
      0.0018      -0.0046       0.0003       0.0000      -0.0001      -0.0001      -0.0001      -0.0001      -0.0000       0.0004       0.0033       0.0224       0.1225       0.5426       1.9298       5.4282      11.8267     204.2305     402.8169     213.7712      12.0177       6.1549       2.6733       1.0146       0.3440
      0.0016      -0.0041       0.0003       0.0000      -0.0001      -0.0001      -0.0001      -0.0001      -0.0001       0.0000       0.0006       0.0048       0.0297       0.1514       0.6301       2.1208       5.6902      11.9351     213.7712     421.9161     223.3223      12.0781       6.3596       2.8481       1.1162
      0.0015      -0.0036       0.0002       0.0000      -0.0001      -0.0001      -0.0001      -0.0001      -0.0000      -0.0000       0.0001       0.0009       0.0067       0.0385       0.1837       0.7217       2.3090       5.9321      12.0177     223.3223     441.0656     232.8842      12.1198       6.5473       3.0174
      0.0013      -0.0033       0.0002       0.0000      -0.0001      -0.0001      -0.0001      -0.0001      -0.0000      -0.0000      -0.0000       0.0002       0.0014       0.0090       0.0487       0.2192       0.8168       2.4934       6.1549      12.0781     232.8842     460.2591     242.4570      12.1453       6.7193
      0.0012      -0.0029       0.0002       0.0000      -0.0000      -0.0001      -0.0001      -0.0000      -0.0000      -0.0000      -0.0000       0.0000       0.0003       0.0020       0.0119       0.0605       0.2579       0.9146       2.6733       6.3596      12.1198     242.4570     479.4913     252.0406      12.1572
      0.0011      -0.0027       0.0002       0.0000      -0.0000      -0.0000      -0.0000      -0.0000      -0.0000      -0.0000      -0.0000      -0.0000       0.0000       0.0004       0.0027       0.0154       0.0740       0.2995       1.0146       2.8481       6.5473      12.1453     252.0406     498.7578     261.6348
      0.0010      -0.0024       0.0002       0.0000      -0.0000      -0.0000      -0.0000      -0.0000      -0.0000      -0.0000      -0.0000      -0.0000      -0.0000       0.0001       0.0006       0.0036       0.0195       0.0891       0.3440       1.1162       3.0174       6.7193      12.1572     261.6348     518.0549
