   2090.6760     158.1303    -237.9080    -180.9442    -104.1860     -60.3055     -38.9994     -28.5299     -22.7956     -19.1905     -16.6583
    158.1303     293.0238     144.5259     -23.4733     -37.3359     -33.2530     -27.0500     -22.5098     -19.5728     -17.6114     -16.1856
   -237.9080     144.5259     268.1766     142.8587     -18.8842     -24.9104     -25.3055     -23.9104     -22.2662     -20.7921     -19.5319
   -180.9442     -23.4733     142.8587     312.1746     158.6835     -30.2601     -30.5581     -29.2567     -27.5312     -25.8319     -24.2912
   -104.1860     -37.3359     -18.8842     158.6835     377.2128     188.2224     -37.0568     -35.4169     -33.1899     -31.0287     -29.0908
    -60.3055     -33.2530     -24.9104     -30.2601     188.2224     450.7753     223.9234     -40.2800     -38.2804     -35.8493     -33.5646
    -38.9994     -27.0500     -25.3055     -30.5581     -37.0568     223.9234     527.5609     261.9454     -41.8472     -39.9915     -37.6544
    -28.5299     -22.5098     -23.9104     -29.2567     -35.4169     -40.2800     261.9454     605.4944     300.7570     -42.7327     -41.1363
    -22.7956     -19.5728     -22.2662     -27.5312     -33.1899     -38.2804     -41.8472     300.7570     683.8360     339.8203     -43.3330
    -19.1905     -17.6114     -20.7921     -25.8319     -31.0287     -35.8493     -39.9915     -42.7327     339.8203     762.3394     378.9642
    -16.6583     -16.1856     -19.5319     -24.2912     -29.0908     -33.5646     -37.6544     -41.1363     -43.3330     378.9642     840.9246
