   1636.2283    -585.3225      -6.7701      14.7669      16.0197      14.2366      10.8215       7.1226       3.7859       1.0296      -1.1294      -2.7571      -3.9451      -4.7841      -5.3538      -5.7199      -5.9346      -6.0385      -6.0625      -6.0298
   -585.3225     811.0345      86.5346      44.2125      42.3193      35.5091      28.4605      21.6644      15.5080      10.1995       5.7909       2.2352      -0.5644      -2.7231      -4.3552      -5.5642      -6.4392      -7.0541      -7.4689      -7.7311
     -6.7701      86.5346     356.2398     173.0100      34.4289      33.4112      29.6792      24.7732      19.4392      14.1964       9.3719       5.1371       1.5515      -1.3972      -3.7629      -5.6186      -7.0424      -8.1095      -8.8873      -9.4343
     14.7669      44.2125     173.0100     363.7186     212.3540      29.6818      28.9238      26.2214      22.3499      17.8933      13.3000       8.8875       4.8564       1.3131      -1.7062      -4.2120      -6.2434      -7.8539      -9.1024     -10.0464
     16.0197      42.3193      34.4289     212.3540     434.0615     248.9411      25.8914      25.3197      23.1956      20.0256      16.2442      12.2127       8.2114       4.4388       1.0200      -1.9802      -4.5425      -6.6788      -8.4207      -9.8104
     14.2366      35.5091      33.4112      29.6818     248.9411     509.9049     285.2941      22.3330      21.9569      20.2804      17.6687      14.4525      10.9232       7.3225       3.8359       0.5933      -2.3248      -4.8790      -7.0609      -8.8834
     10.8215      28.4605      29.6792      28.9238      25.8914     285.2941     586.0770     321.7490      19.0576      18.8557      17.5362      15.3751      12.6305       9.5398       6.3097       3.1089       0.0646      -2.7357      -5.2400      -7.4249
      7.1226      21.6644      24.7732      26.2214      25.3197      22.3330     321.7490     662.3627     358.4164      16.0903      16.0313      14.9961      13.1994      10.8470       8.1340       5.2372       2.3078      -0.5337      -3.1983      -5.6266
      3.7859      15.5080      19.4392      22.3499      23.1956      21.9569      19.0576     358.4164     738.8144     395.3183      13.4128      13.4680      12.6598      11.1596       9.1339       6.7450       4.1443       1.4660      -1.1776      -3.6993
      1.0296      10.1995      14.1964      17.8933      20.0256      20.2804      18.8557      16.0903     395.3183     815.4486     432.4434      10.9934      11.1391      10.5138       9.2566       7.5048       5.3941       3.0548       0.6059      -1.8495
     -1.1294       5.7909       9.3719      13.3000      16.2442      17.6687      17.5362      16.0313      13.4128     432.4434     892.2595     469.7705       8.8000       9.0172       8.5403       7.4842       5.9632       4.0921       1.9834      -0.2575
     -2.7571       2.2352       5.1371       8.8875      12.2127      14.4525      15.3751      14.9961      13.4680      10.9934     469.7705     969.2332     507.2770       6.8032       7.0770       6.7217       5.8333       4.5082       2.8442       0.9390
     -3.9451      -0.5644       1.5515       4.8564       8.2114      10.9232      12.6305      13.1994      12.6598      11.1391       8.8000     507.2770    1046.3535     544.9418       4.9778       5.2964       5.0413       4.2939       3.1360       1.6520
     -4.7841      -2.7231      -1.3972       1.3131       4.4388       7.3225       9.5398      10.8470      11.1596      10.5138       9.0172       6.8032     544.9418    1123.6051     582.7461       3.3022       3.6562       3.4844       2.8563       1.8422
     -5.3538      -4.3552      -3.7629      -1.7062       1.0200       3.8359       6.3097       8.1340       9.1339       9.2566       8.5403       7.0770       4.9778     582.7461    1200.9735     620.6736       1.7579       2.1400       2.0377       1.5113
     -5.7199      -5.5642      -5.6186      -4.2120      -1.9802       0.5933       3.1089       5.2372       6.7450       7.5048       7.4842       6.7217       5.2964       3.3022     620.6736    1278.4461     658.7102       0.3295       0.7336       0.6899
     -5.9346      -6.4392      -7.0424      -6.2434      -4.5425      -2.3248       0.0646       2.3078       4.1443       5.3941       5.9632       5.8333       5.0413       3.6562       1.7579     658.7102    1356.0116     696.8436      -0.9963      -0.5749
     -6.0385      -7.0541      -8.1095      -7.8539      -6.6788      -4.8790      -2.7357      -0.5337       1.4660       3.0548       4.0921       4.5082       4.2939       3.4844       2.1400       0.3295     696.8436    1433.6604     735.0634      -2.2308
     -6.0625      -7.4689      -8.8873      -9.1024      -8.4207      -7.0609      -5.2400      -3.1983      -1.1776       0.6059       1.9834       2.8442       3.1360       2.8563       2.0377       0.7336      -0.9963     735.0634    1511.3840     773.3605
     -6.0298      -7.7311      -9.4343     -10.0464      -9.8104      -8.8834      -7.4249      -5.6266      -3.6993      -1.8495      -0.2575       0.9390       1.6520       1.8422       1.5113       0.6899      -0.5749      -2.2308     773.3605    1589.1748
