      1.0154      -0.0218       0.0258      -0.0282       0.0296      -0.0302       0.0302      -0.0298       0.0291      -0.0281       0.0270      -0.0257       0.0244      -0.0231       0.0218      -0.0204       0.0191      -0.0178       0.0166      -0.0155       0.0143      -0.0133       0.0123      -0.0113       0.0105
     -0.0218       1.0308      -0.0364       0.0399      -0.0419       0.0428      -0.0428       0.0422      -0.0412       0.0398      -0.0382       0.0365      -0.0346       0.0327      -0.0308       0.0289      -0.0271       0.0253      -0.0235       0.0219      -0.0203       0.0188      -0.0174       0.0161      -0.0148
      0.0258      -0.0364       1.0432      -0.0473       0.0496      -0.0507       0.0507      -0.0500       0.0488      -0.0472       0.0453      -0.0432       0.0410      -0.0388       0.0365      -0.0343       0.0321      -0.0300       0.0279      -0.0259       0.0241      -0.0223       0.0206      -0.0191       0.0176
     -0.0282       0.0399      -0.0473       1.0519      -0.0544       0.0556      -0.0556       0.0548      -0.0535       0.0517      -0.0496       0.0474      -0.0450       0.0425      -0.0400       0.0376      -0.0352       0.0329      -0.0306       0.0285      -0.0264       0.0245      -0.0226       0.0209      -0.0193
      0.0296      -0.0419       0.0496      -0.0544       1.0571      -0.0583       0.0584      -0.0576       0.0562      -0.0543       0.0521      -0.0497       0.0472      -0.0447       0.0421      -0.0395       0.0370      -0.0345       0.0322      -0.0299       0.0278      -0.0257       0.0238      -0.0220       0.0203
     -0.0302       0.0428      -0.0507       0.0556      -0.0583       1.0595      -0.0596       0.0588      -0.0573       0.0554      -0.0532       0.0508      -0.0482       0.0456      -0.0430       0.0403      -0.0378       0.0353      -0.0329       0.0306      -0.0284       0.0263      -0.0243       0.0225      -0.0207
      0.0302      -0.0428       0.0507      -0.0556       0.0584      -0.0596       1.0596      -0.0588       0.0574      -0.0555       0.0533      -0.0509       0.0483      -0.0457       0.0430      -0.0404       0.0378      -0.0353       0.0329      -0.0306       0.0284      -0.0263       0.0244      -0.0225       0.0208
     -0.0298       0.0422      -0.0500       0.0548      -0.0576       0.0588      -0.0588       1.0580      -0.0566       0.0548      -0.0526       0.0502      -0.0477       0.0451      -0.0425       0.0399      -0.0373       0.0349      -0.0325       0.0302      -0.0281       0.0260      -0.0241       0.0222      -0.0205
      0.0291      -0.0412       0.0488      -0.0535       0.0562      -0.0573       0.0574      -0.0566       1.0553      -0.0534       0.0513      -0.0490       0.0465      -0.0440       0.0414      -0.0389       0.0364      -0.0340       0.0317      -0.0295       0.0274      -0.0254       0.0235      -0.0217       0.0200
     -0.0281       0.0398      -0.0472       0.0517      -0.0543       0.0554      -0.0555       0.0548      -0.0534       1.0517      -0.0496       0.0474      -0.0450       0.0426      -0.0401       0.0377      -0.0353       0.0329      -0.0307       0.0286      -0.0265       0.0246      -0.0227       0.0210      -0.0194
      0.0270      -0.0382       0.0453      -0.0496       0.0521      -0.0532       0.0533      -0.0526       0.0513      -0.0496       1.0477      -0.0455       0.0432      -0.0409       0.0385      -0.0362       0.0339      -0.0316       0.0295      -0.0274       0.0255      -0.0236       0.0219      -0.0202       0.0186
     -0.0257       0.0365      -0.0432       0.0474      -0.0497       0.0508      -0.0509       0.0502      -0.0490       0.0474      -0.0455       1.0434      -0.0413       0.0390      -0.0368       0.0345      -0.0324       0.0302      -0.0282       0.0262      -0.0243       0.0226      -0.0209       0.0193      -0.0178
      0.0244      -0.0346       0.0410      -0.0450       0.0472      -0.0482       0.0483      -0.0477       0.0465      -0.0450       0.0432      -0.0413       1.0392      -0.0371       0.0349      -0.0328       0.0307      -0.0287       0.0268      -0.0249       0.0231      -0.0214       0.0198      -0.0183       0.0169
     -0.0231       0.0327      -0.0388       0.0425      -0.0447       0.0456      -0.0457       0.0451      -0.0440       0.0426      -0.0409       0.0390      -0.0371       1.0351      -0.0331       0.0310      -0.0291       0.0272      -0.0253       0.0236      -0.0219       0.0203      -0.0188       0.0174      -0.0160
      0.0218      -0.0308       0.0365      -0.0400       0.0421      -0.0430       0.0430      -0.0425       0.0414      -0.0401       0.0385      -0.0368       0.0349      -0.0331       1.0312      -0.0293       0.0274      -0.0256       0.0239      -0.0222       0.0206      -0.0191       0.0177      -0.0164       0.0151
     -0.0204       0.0289      -0.0343       0.0376      -0.0395       0.0403      -0.0404       0.0399      -0.0389       0.0377      -0.0362       0.0345      -0.0328       0.0310      -0.0293       1.0275      -0.0258       0.0241      -0.0224       0.0209      -0.0194       0.0180      -0.0166       0.0154      -0.0142
      0.0191      -0.0271       0.0321      -0.0352       0.0370      -0.0378       0.0378      -0.0373       0.0364      -0.0353       0.0339      -0.0324       0.0307      -0.0291       0.0274      -0.0258       1.0241      -0.0226       0.0210      -0.0196       0.0182      -0.0169       0.0156      -0.0144       0.0133
     -0.0178       0.0253      -0.0300       0.0329      -0.0345       0.0353      -0.0353       0.0349      -0.0340       0.0329      -0.0316       0.0302      -0.0287       0.0272      -0.0256       0.0241      -0.0226       1.0211      -0.0197       0.0183      -0.0170       0.0158      -0.0146       0.0135      -0.0125
      0.0166      -0.0235       0.0279      -0.0306       0.0322      -0.0329       0.0329      -0.0325       0.0317      -0.0307       0.0295      -0.0282       0.0268      -0.0253       0.0239      -0.0224       0.0210      -0.0197       1.0183      -0.0171       0.0158      -0.0147       0.0136      -0.0126       0.0116
     -0.0155       0.0219      -0.0259       0.0285      -0.0299       0.0306      -0.0306       0.0302      -0.0295       0.0286      -0.0274       0.0262      -0.0249       0.0236      -0.0222       0.0209      -0.0196       0.0183      -0.0171       1.0159      -0.0147       0.0137      -0.0127       0.0117      -0.0108
      0.0143      -0.0203       0.0241      -0.0264       0.0278      -0.0284       0.0284      -0.0281       0.0274      -0.0265       0.0255      -0.0243       0.0231      -0.0219       0.0206      -0.0194       0.0182      -0.0170       0.0158      -0.0147       1.0137      -0.0127       0.0118      -0.0109       0.0101
     -0.0133       0.0188      -0.0223       0.0245      -0.0257       0.0263      -0.0263       0.0260      -0.0254       0.0246      -0.0236       0.0226      -0.0214       0.0203      -0.0191       0.0180      -0.0169       0.0158      -0.0147       0.0137      -0.0127       1.0118      -0.0109       0.0101      -0.0093
      0.0123      -0.0174       0.0206      -0.0226       0.0238      -0.0243       0.0244      -0.0241       0.0235      -0.0227       0.0219      -0.0209       0.0198      -0.0188       0.0177      -0.0166       0.0156      -0.0146       0.0136      -0.0127       0.0118      -0.0109       1.0101      -0.0093       0.0086
     -0.0113       0.0161      -0.0191       0.0209      -0.0220       0.0225      -0.0225       0.0222      -0.0217       0.0210      -0.0202       0.0193      -0.0183       0.0174      -0.0164       0.0154      -0.0144       0.0135      -0.0126       0.0117      -0.0109       0.0101      -0.0093       1.0086      -0.0080
      0.0105      -0.0148       0.0176      -0.0193       0.0203      -0.0207       0.0208      -0.0205       0.0200      -0.0194       0.0186      -0.0178       0.0169      -0.0160       0.0151      -0.0142       0.0133      -0.0125       0.0116      -0.0108       0.0101      -0.0093       0.0086      -0.0080       1.0074
