      4.3783       0.6649      -0.1519      -0.2473      -0.1845      -0.1192      -0.0758      -0.0500      -0.0346      -0.0252      -0.0191
      0.6649       1.3835       0.0842      -0.0366      -0.0583      -0.0481      -0.0338      -0.0229      -0.0157      -0.0111      -0.0082
     -0.1519       0.0842       1.0756       0.0290       0.0023      -0.0065      -0.0073      -0.0058      -0.0041      -0.0028      -0.0020
     -0.2473      -0.0366       0.0290       1.0287       0.0164       0.0076       0.0032       0.0014       0.0007       0.0005       0.0005
     -0.1845      -0.0583       0.0023       0.0164       1.0141       0.0091       0.0054       0.0033       0.0021       0.0015       0.0011
     -0.1192      -0.0481      -0.0065       0.0076       0.0091       1.0070       0.0047       0.0031       0.0021       0.0014       0.0011
     -0.0758      -0.0338      -0.0073       0.0032       0.0054       0.0047       1.0035       0.0024       0.0016       0.0011       0.0008
     -0.0500      -0.0229      -0.0058       0.0014       0.0033       0.0031       0.0024       1.0017       0.0012       0.0009       0.0006
     -0.0346      -0.0157      -0.0041       0.0007       0.0021       0.0021       0.0016       0.0012       1.0009       0.0006       0.0005
     -0.0252      -0.0111      -0.0028       0.0005       0.0015       0.0014       0.0011       0.0009       0.0006       1.0004       0.0003
     -0.0191      -0.0082      -0.0020       0.0005       0.0011       0.0011       0.0008       0.0006       0.0005       0.0003       1.0002
