      6.6831      -1.5874      -0.4173      -0.1559      -0.0808      -0.0492      -0.0328      -0.0233      -0.0173      -0.0134      -0.0106      -0.0086      -0.0071      -0.0059      -0.0050      -0.0043      -0.0037      -0.0033      -0.0029      -0.0025
     -1.5874       1.9519      -0.0402      -0.0089       0.0022       0.0031       0.0026       0.0021       0.0017       0.0014       0.0011       0.0009       0.0008       0.0007       0.0006       0.0005       0.0004       0.0004       0.0003       0.0003
     -0.4173      -0.0402       1.1203       0.0150       0.0070       0.0048       0.0033       0.0024       0.0018       0.0014       0.0011       0.0009       0.0007       0.0006       0.0005       0.0004       0.0004       0.0003       0.0003       0.0003
     -0.1559      -0.0089       0.0150       1.0168       0.0050       0.0026       0.0017       0.0012       0.0009       0.0007       0.0005       0.0004       0.0003       0.0003       0.0002       0.0002       0.0002       0.0002       0.0001       0.0001
     -0.0808       0.0022       0.0070       0.0050       1.0031       0.0015       0.0009       0.0006       0.0004       0.0003       0.0003       0.0002       0.0002       0.0001       0.0001       0.0001       0.0001       0.0001       0.0001       0.0001
     -0.0492       0.0031       0.0048       0.0026       0.0015       1.0009       0.0005       0.0003       0.0002       0.0002       0.0001       0.0001       0.0001       0.0001       0.0001       0.0001       0.0000       0.0000       0.0000       0.0000
     -0.0328       0.0026       0.0033       0.0017       0.0009       0.0005       1.0003       0.0002       0.0002       0.0001       0.0001       0.0001       0.0001       0.0001       0.0000       0.0000       0.0000       0.0000       0.0000       0.0000
     -0.0233       0.0021       0.0024       0.0012       0.0006       0.0003       0.0002       1.0001       0.0001       0.0001       0.0001       0.0001       0.0000       0.0000       0.0000       0.0000       0.0000       0.0000       0.0000       0.0000
     -0.0173       0.0017       0.0018       0.0009       0.0004       0.0002       0.0002       0.0001       1.0001       0.0001       0.0000       0.0000       0.0000       0.0000       0.0000       0.0000       0.0000       0.0000       0.0000       0.0000
     -0.0134       0.0014       0.0014       0.0007       0.0003       0.0002       0.0001       0.0001       0.0001       1.0000       0.0000       0.0000       0.0000       0.0000       0.0000       0.0000       0.0000       0.0000       0.0000       0.0000
     -0.0106       0.0011       0.0011       0.0005       0.0003       0.0001       0.0001       0.0001       0.0000       0.0000       1.0000       0.0000       0.0000       0.0000       0.0000       0.0000       0.0000       0.0000       0.0000       0.0000
     -0.0086       0.0009       0.0009       0.0004       0.0002       0.0001       0.0001       0.0001       0.0000       0.0000       0.0000       1.0000       0.0000       0.0000       0.0000       0.0000       0.0000       0.0000       0.0000       0.0000
     -0.0071       0.0008       0.0007       0.0003       0.0002       0.0001       0.0001       0.0000       0.0000       0.0000       0.0000       0.0000       1.0000       0.0000       0.0000       0.0000       0.0000       0.0000       0.0000       0.0000
     -0.0059       0.0007       0.0006       0.0003       0.0001       0.0001       0.0001       0.0000       0.0000       0.0000       0.0000       0.0000       0.0000       1.0000       0.0000       0.0000       0.0000       0.0000       0.0000       0.0000
     -0.0050       0.0006       0.0005       0.0002       0.0001       0.0001       0.0000       0.0000       0.0000       0.0000       0.0000       0.0000       0.0000       0.0000       1.0000       0.0000       0.0000       0.0000       0.0000       0.0000
     -0.0043       0.0005       0.0004       0.0002       0.0001       0.0001       0.0000       0.0000       0.0000       0.0000       0.0000       0.0000       0.0000       0.0000       0.0000       1.0000       0.0000       0.0000       0.0000       0.0000
     -0.0037       0.0004       0.0004       0.0002       0.0001       0.0000       0.0000       0.0000       0.0000       0.0000       0.0000       0.0000       0.0000       0.0000       0.0000       0.0000       1.0000       0.0000       0.0000       0.0000
     -0.0033       0.0004       0.0003       0.0002       0.0001       0.0000       0.0000       0.0000       0.0000       0.0000       0.0000       0.0000       0.0000       0.0000       0.0000       0.0000       0.0000       1.0000       0.0000       0.0000
     -0.0029       0.0003       0.0003       0.0001       0.0001       0.0000       0.0000       0.0000       0.0000       0.0000       0.0000       0.0000       0.0000       0.0000       0.0000       0.0000       0.0000       0.0000       1.0000       0.0000
     -0.0025       0.0003       0.0003       0.0001       0.0001       0.0000       0.0000       0.0000       0.0000       0.0000       0.0000       0.0000       0.0000       0.0000       0.0000       0.0000       0.0000       0.0000       0.0000       1.0000
