    -11.6330      15.5511     -10.5180       7.0738      -4.0728       2.5071      -1.3279       0.8163
     15.5511     -18.9141      14.3282     -10.0679       6.1464      -3.9109       2.2067      -1.3741
    -10.5180      14.3282     -10.2679       8.4137      -5.5320       3.6771      -2.2277       1.4184
      7.0738     -10.0679       8.4137      -5.5665       4.5437      -3.1272       1.9873      -1.2963
     -4.0728       6.1464      -5.5320       4.5437      -2.3215       2.3732      -1.5810       1.0586
      2.5071      -3.9109       3.6771      -3.1272       2.3732      -0.7466       1.2038      -0.8260
     -1.3279       2.2067      -2.2277       1.9873      -1.5810       1.2038       0.1384       0.6064
      0.8163      -1.3741       1.4184      -1.2963       1.0586      -0.8260       0.6064       0.5635
