     -2.5674      -1.0465      -0.0050       0.4212       0.5426       0.5453       0.5109       0.4699       0.4321       0.3995       0.3719       0.3484       0.3281       0.3105       0.2950       0.2812       0.2689       0.2577       0.2476       0.2384       0.2299       0.2221       0.2149       0.2082       0.2020
     -1.0465      -1.2520      -0.7596      -0.0005       0.4702       0.6751       0.7287       0.7140       0.6748       0.6307       0.5891       0.5522       0.5199       0.4917       0.4669       0.4449       0.4253       0.4076       0.3915       0.3769       0.3635       0.3512       0.3398       0.3292       0.3194
     -0.0050      -0.7596      -0.6754      -0.4724       0.0633       0.4936       0.7336       0.8289       0.8411       0.8143       0.7733       0.7298       0.6888       0.6517       0.6187       0.5893       0.5631       0.5395       0.5181       0.4987       0.4809       0.4646       0.4495       0.4355       0.4225
      0.4212      -0.0005      -0.4724      -0.3371      -0.2447       0.1454       0.5192       0.7658       0.8882       0.9252       0.9143       0.8809       0.8397       0.7979       0.7587       0.7228       0.6905       0.6614       0.6350       0.6111       0.5892       0.5691       0.5506       0.5334       0.5175
      0.5426       0.4702       0.0633      -0.2447      -0.1056      -0.0655       0.2286       0.5493       0.7884       0.9262       0.9830       0.9877       0.9641       0.9277       0.8875       0.8478       0.8106       0.7765       0.7455       0.7172       0.6913       0.6676       0.6458       0.6256       0.6069
      0.5453       0.6751       0.4936       0.1454      -0.0655       0.0667       0.0785       0.3067       0.5821       0.8076       0.9525       1.0240       1.0427       1.0294       0.9992       0.9620       0.9233       0.8859       0.8509       0.8186       0.7889       0.7617       0.7367       0.7136       0.6921
      0.5109       0.7287       0.7336       0.5192       0.2286       0.0785       0.2017       0.1971       0.3783       0.6160       0.8257       0.9723       1.0541       1.0847       1.0812       1.0578       1.0246       0.9879       0.9511       0.9158       0.8829       0.8524       0.8243       0.7982       0.7741
      0.4699       0.7140       0.8289       0.7658       0.5493       0.3067       0.1971       0.3114       0.2967       0.4432       0.6497       0.8435       0.9884       1.0770       1.1173       1.1228       1.1063       1.0777       1.0436       1.0080       0.9732       0.9401       0.9091       0.8803       0.8536
      0.4321       0.6748       0.8411       0.8882       0.7884       0.5821       0.3783       0.2967       0.4028       0.3817       0.5019       0.6827       0.8612       1.0024       1.0951       1.1431       1.1566       1.1467       1.1229       1.0919       1.0581       1.0240       0.9911       0.9600       0.9309
      0.3995       0.6307       0.8143       0.9252       0.9262       0.8076       0.6160       0.4432       0.3817       0.4805       0.4553       0.5552       0.7145       0.8788       1.0151       1.1100       1.1639       1.1843       1.1807       1.1617       1.1340       1.1023       1.0694       1.0371       1.0061
      0.3719       0.5891       0.7733       0.9143       0.9830       0.9525       0.8257       0.6497       0.5019       0.4553       0.5477       0.5199       0.6037       0.7448       0.8962       1.0270       1.1226       1.1809       1.2073       1.2094       1.1951       1.1709       1.1415       1.1101       1.0785
      0.3484       0.5522       0.7298       0.8809       0.9877       1.0240       0.9723       0.8435       0.6827       0.5552       0.5199       0.6066       0.5771       0.6480       0.7737       0.9134       1.0383       1.1336       1.1952       1.2265       1.2338       1.2240       1.2033       1.1764       1.1466
      0.3281       0.5199       0.6888       0.8397       0.9641       1.0427       1.0541       0.9884       0.8612       0.7145       0.6037       0.5771       0.6587       0.6282       0.6885       0.8012       0.9303       1.0493       1.1434       1.2074       1.2428       1.2546       1.2491       1.2319       1.2076
      0.3105       0.4917       0.6517       0.7979       0.9277       1.0294       1.0847       1.0770       1.0024       0.8788       0.7448       0.6480       0.6282       0.7052       0.6742       0.7258       0.8272       0.9468       1.0601       1.1525       1.2179       1.2567       1.2726       1.2711       1.2572
      0.2950       0.4669       0.6187       0.7587       0.8875       0.9992       1.0812       1.1173       1.0951       1.0151       0.8962       0.7737       0.6885       0.6742       0.7471       0.7158       0.7603       0.8519       0.9628       1.0706       1.1609       1.2272       1.2687       1.2882       1.2903
      0.2812       0.4449       0.5893       0.7228       0.8478       0.9620       1.0578       1.1228       1.1431       1.1100       1.0270       0.9134       0.8012       0.7258       0.7158       0.7851       0.7538       0.7922       0.8753       0.9784       1.0808       1.1689       1.2356       1.2792       1.3019
      0.2689       0.4253       0.5631       0.6905       0.8106       0.9233       1.0246       1.1063       1.1566       1.1639       1.1226       1.0383       0.9303       0.8272       0.7603       0.7538       0.8198       0.7887       0.8218       0.8976       0.9935       1.0909       1.1765       1.2432       1.2885
      0.2577       0.4076       0.5395       0.6614       0.7765       0.8859       0.9879       1.0777       1.1467       1.1843       1.1809       1.1336       1.0493       0.9468       0.8519       0.7922       0.7887       0.8516       0.8207       0.8495       0.9186       1.0082       1.1008       1.1839       1.2502
      0.2476       0.3915       0.5181       0.6350       0.7455       0.8509       0.9511       1.0436       1.1229       1.1807       1.2073       1.1952       1.1434       1.0601       0.9628       0.8753       0.8218       0.8207       0.8809       0.8504       0.8753       0.9387       1.0224       1.1105       1.1910
      0.2384       0.3769       0.4987       0.6111       0.7172       0.8186       0.9158       1.0080       1.0919       1.1617       1.2094       1.2265       1.2074       1.1525       1.0706       0.9784       0.8976       0.8495       0.8504       0.9080       0.8779       0.8995       0.9577       1.0361       1.1200
      0.2299       0.3635       0.4809       0.5892       0.6913       0.7889       0.8829       0.9732       1.0581       1.1340       1.1951       1.2338       1.2428       1.2179       1.1609       1.0808       0.9935       0.9186       0.8753       0.8779       0.9332       0.9035       0.9223       0.9759       1.0494
      0.2221       0.3512       0.4646       0.5691       0.6676       0.7617       0.8524       0.9401       1.0240       1.1023       1.1709       1.2240       1.2546       1.2567       1.2272       1.1689       1.0909       1.0082       0.9387       0.8995       0.9035       0.9567       0.9275       0.9437       0.9932
      0.2149       0.3398       0.4495       0.5506       0.6458       0.7367       0.8243       0.9091       0.9911       1.0694       1.1415       1.2033       1.2491       1.2726       1.2687       1.2356       1.1765       1.1008       1.0224       0.9577       0.9223       0.9275       0.9787       0.9499       0.9639
      0.2082       0.3292       0.4355       0.5334       0.6256       0.7136       0.7982       0.8803       0.9600       1.0371       1.1101       1.1764       1.2319       1.2711       1.2882       1.2792       1.2432       1.1839       1.1105       1.0361       0.9759       0.9437       0.9499       0.9993       0.9710
      0.2020       0.3194       0.4225       0.5175       0.6069       0.6921       0.7741       0.8536       0.9309       1.0061       1.0785       1.1466       1.2076       1.2572       1.2903       1.3019       1.2885       1.2502       1.1910       1.1200       1.0494       0.9932       0.9639       0.9710       1.0186
