     39.9911      55.2173      58.0051      53.6927      46.2589      38.1092      30.4843      23.9029      18.4857      14.1594      10.7726       8.1569       6.1554       4.6337       3.4820       2.6130       1.9588       1.4672       1.0981       0.8213
     55.2173      67.2073      70.4240      68.2685      62.6291      55.0990      46.9350      38.9965      31.7834      25.5230      20.2631      15.9466      12.4653       9.6936       7.5081       5.7973       4.4652       3.4325       2.6342       2.0188
     58.0051      70.4240      74.1137      73.5297      70.0761      64.5724      57.7796      50.4082      43.0427      36.0997      29.8312      24.3538      19.6870      15.7879      12.5797       9.9714       7.8708       6.1915       4.8568       3.8009
     53.6927      68.2685      73.5297      74.3872      72.6678      69.0973      64.1168      58.1537      51.6501      45.0171      38.5904      32.6098      27.2203      22.4872      18.4161      14.9728      12.1000       9.7294       7.7905       6.2162
     46.2589      62.6291      70.0761      72.6678      72.4905      70.5130      67.1791      62.7677      57.5510      51.8267      45.8948      40.0246      34.4305      29.2631      24.6113      20.5121      16.9635      13.9363      11.3851       9.2566
     38.1092      55.0990      64.5724      69.0973      70.5130      69.9523      68.0126      64.9973      61.1030      56.5196      51.4598      46.1500      40.8069      35.6176      30.7264      26.2320      22.1901      18.6208      15.5168      12.8523
     30.4843      46.9350      57.7796      64.1168      67.1791      68.0126      67.3226      65.5148      62.8122      59.3631      55.3088      50.8083      46.0369      41.1708      36.3710      31.7710      27.4707      23.5358      20.0007      16.8748
     23.9029      38.9965      50.4082      58.1537      62.7677      64.9973      65.5148      64.7997      63.1455      60.7239      57.6520      54.0395      50.0097      45.7012      41.2587      36.8204      32.5070      28.4153      24.6150      21.1498
     18.4857      31.7834      43.0427      51.6501      57.5510      61.1030      62.8122      63.1455      62.4485      60.9434      58.7668      56.0138      52.7723      49.1406      45.2304      41.1616      37.0528      33.0123      29.1310      25.4794
     14.1594      25.5230      36.0997      45.0171      51.8267      56.5196      59.3631      60.7239      60.9434      60.2819      58.9130      56.9478      54.4653      51.5378      48.2451      44.6788      40.9393      37.1285      33.3429      29.6670
     10.7726      20.2631      29.8312      38.5904      45.8948      51.4598      55.3088      57.6520      58.7668      58.9130      58.2926      57.0450      55.2620      53.0105      50.3507      47.3489      44.0812      40.6321      37.0899      33.5402
      8.1569      15.9466      24.3538      32.6098      40.0246      46.1500      50.8083      54.0395      56.0138      56.9478      57.0450      56.4663      55.3256      53.7002      51.6471      49.2176      46.4671      43.4599      40.2678      36.9674
      6.1554      12.4653      19.6870      27.2203      34.4305      40.8069      46.0369      50.0097      52.7723      54.4653      55.2620      55.3256      54.7867      53.7401      52.2515      50.3701      48.1400      45.6084      42.8298      39.8659
      4.6337       9.6936      15.7879      22.4872      29.2631      35.6176      41.1708      45.7012      49.1406      51.5378      53.0105      53.7002      53.7401      53.2383      52.2745      50.9053      49.1735      47.1174      44.7775      42.2006
      3.4820       7.5081      12.5797      18.4161      24.6113      30.7264      36.3710      41.2587      45.2304      48.2451      50.3507      51.6471      52.2515      52.2745      51.8067      50.9161      49.6517      48.0510      46.1477      43.9768
      2.6130       5.7973       9.9714      14.9728      20.5121      26.2320      31.7710      36.8204      41.1616      44.6788      47.3489      49.2176      50.3701      50.9053      50.9161      50.4793      49.6534      48.4815      46.9965      45.2281
      1.9588       4.4652       7.8708      12.1000      16.9635      22.1901      27.4707      32.5070      37.0528      40.9393      44.0812      46.4671      48.1400      49.1735      49.6517      49.6534      49.2449      48.4767      47.3866      46.0042
      1.4672       3.4325       6.1915       9.7294      13.9363      18.6208      23.5358      28.4153      33.0123      37.1285      40.6321      43.4599      45.6084      47.1174      48.0510      48.4815      48.4767      48.0937      47.3769      46.3599
      1.0981       2.6342       4.8568       7.7905      11.3851      15.5168      20.0007      24.6150      29.1310      33.3429      37.0899      40.2678      42.8298      44.7775      46.1477      46.9965      47.3866      47.3769      47.0172      46.3466
      0.8213       2.0188       3.8009       6.2162       9.2566      12.8523      16.8748      21.1498      25.4794      29.6670      33.5402      36.9674      39.8659      42.2006      43.9768      45.2281      46.0042      46.3599      46.3466      46.0081
