     96.1970      19.5551       7.5811       5.2739       4.3937       3.8424       3.4356       3.1176       2.8609       2.6487       2.4699       2.3170       2.1845       2.0684       1.9658       1.8743       1.7922       1.7180       1.6506       1.5890       1.5326       1.4806       1.4326       1.3881       1.3466
     19.5551      84.1470      25.7988      10.6374       7.2685       6.1162       5.4370       4.9300       4.5236       4.1880       3.9053       3.6635       3.4540       3.2704       3.1082       2.9635       2.8337       2.7164       2.6098       2.5125       2.4233       2.3411       2.2652       2.1947       2.1292
      7.5811      25.7988      74.8869      29.4792      12.9277       8.6571       7.2774       6.5334       5.9856       5.5403       5.1662       4.8463       4.5692       4.3264       4.1117       3.9204       3.7486       3.5934       3.4524       3.3237       3.2057       3.0970       2.9965       2.9033       2.8167
      5.2739      10.6374      29.4792      67.6838      31.7566      14.8039       9.7614       8.1484       7.3537       6.7888       6.3278       5.9356       5.5961       5.2987       5.0358       4.8014       4.5911       4.4010       4.2283       4.0707       3.9261       3.7930       3.6700       3.5558       3.4497
      4.3937       7.2685      12.9277      31.7566      62.0090      33.1523      16.3854      10.7051       8.8481       7.9997       7.4262       6.9610       6.5621       6.2133       5.9050       5.6302       5.3835       5.1606       4.9582       4.7733       4.6038       4.4477       4.3034       4.1696       4.0451
      3.8424       6.1162       8.6571      14.8039      33.1523      57.4791      33.9668      17.7300      11.5445       9.4391       8.5282       7.9474       7.4837       7.0845       6.7328       6.4194       6.1381       5.8840       5.6532       5.4424       5.2492       5.0712       4.9067       4.7541       4.6121
      3.4356       5.4370       7.2774       9.7614      16.3854      33.9668      53.8147      34.3910      18.8748      12.3077       9.9574       8.9742       8.3838       7.9237       7.5280       7.1772       6.8627       6.5785       6.3205       6.0848       5.8687       5.6697       5.4858       5.3152       5.1565
      3.1176       4.9300       6.5334       8.1484      10.7051      17.7300      34.3910      50.8106      34.5513      19.8480      13.0093      10.4250       9.3605       8.7564       8.3001       7.9097       7.5624       7.2492       6.9648       6.7052       6.4670       6.2477       6.0451       5.8571       5.6822
      2.8609       4.5236       5.9856       7.3537       8.8481      11.5445      18.8748      34.5513      48.3156      34.5336      20.6734      13.6575      10.8554       9.7027       9.0800       8.6264       8.2423       7.8999       7.5898       7.3068       7.0473       6.8083       6.5875       6.3826       6.1920
      2.6487       4.1880       5.5403       6.7888       7.9997       9.4391      12.3077      19.8480      34.5336      46.2170      34.3968      21.3716      14.2575      11.2572      10.0116       9.3653       8.9128       8.5349       8.1983       7.8923       7.6119       7.3538       7.1153       6.8940       6.6882
      2.4699       3.9053       5.1662       6.3278       7.4262       8.5282       9.9574      13.0093      20.6734      34.3968      44.4306      34.1813      21.9606      14.8129      11.6360      10.2950       9.6203       9.1667       8.7946       8.4641       8.1630       7.8861       7.6303       7.3930       7.1723
      2.3170       3.6635       4.8463       5.9356       6.9610       7.9474       8.9742      10.4250      13.6575      21.3716      34.1813      42.8925      33.9155      22.4559      15.3266      11.9952      10.5584       9.8512       9.3939       9.0269       8.7026       8.4068       8.1339       7.8810       7.6457
      2.1845       3.4540       4.5692       5.5961       6.5621       7.4837       8.3838       9.3605      10.8554      14.2575      21.9606      33.9155      41.5543      33.6188      22.8712      15.8010      12.3373      10.8059      10.0625       9.5991       9.2362       8.9180       8.6276       8.3591       8.1095
      2.0684       3.2704       4.3264       5.2987       6.2133       7.0845       7.9237       8.7564       9.7027      11.2572      14.8129      22.4559      33.6188      40.3787      33.3048      23.2182      16.2387      12.6638      11.0404      10.2578       9.7859       9.4260       9.1134       8.8285       8.5646
      1.9658       3.1082       4.1117       5.0358       5.9050       6.7328       7.5280       8.3001       9.0800      10.0116      11.6360      15.3266      22.8712      33.3048      39.3368      32.9828      23.5069      16.6420      12.9757      11.2641      10.4401       9.9573       9.5991       9.2917       9.0123
      1.8743       2.9635       3.9204       4.8014       5.6302       6.4194       7.1772       7.9097       8.6264       9.3653      10.2950      11.9952      15.8010      23.2182      32.9828      38.4059      32.6593      23.7459      17.0131      13.2739      11.4787      10.6114      10.1156       9.7578       9.4552
      1.7922       2.8337       3.7486       4.5911       5.3835       6.1381       6.8627       7.5624       8.2423       8.9128       9.6203      10.5584      12.3373      16.2387      23.5069      32.6593      37.5681      32.3386      23.9426      17.3544      13.5589      11.6852      10.7738      10.2628       9.9042
      1.7180       2.7164       3.5934       4.4010       5.1606       5.8840       6.5785       7.2492       7.8999       8.5349       9.1667       9.8512      10.8059      12.6638      16.6420      23.7459      32.3386      36.8092      32.0236      24.1030      17.6678      13.8312      11.8846      10.9284      10.4006
      1.6506       2.6098       3.4524       4.2283       4.9582       5.6532       6.3205       6.9648       7.5898       8.1983       8.7946       9.3939      10.0625      11.0404      12.9757      17.0131      23.9426      32.0236      36.1176      31.7161      24.2326      17.9556      14.0912      12.0775      11.0765
      1.5890       2.5125       3.3237       4.0707       4.7733       5.4424       6.0848       6.7052       7.3068       7.8923       8.4641       9.0269       9.5991      10.2578      11.2641      13.2739      17.3544      24.1030      31.7161      35.4840      31.4173      24.3359      18.2196      14.3394      12.2644
      1.5326       2.4233       3.2057       3.9261       4.6038       5.2492       5.8687       6.4670       7.0473       7.6119       8.1630       8.7026       9.2362       9.7859      10.4401      11.4787      13.5589      17.6678      24.2326      31.4173      34.9008      31.1278      24.4165      18.4617      14.5761
      1.4806       2.3411       3.0970       3.7930       4.4477       5.0712       5.6697       6.2477       6.8083       7.3538       7.8861       8.4068       8.9180       9.4260       9.9573      10.6114      11.6852      13.8312      17.9556      24.3359      31.1278      34.3616      30.8479      24.4779      18.6837
      1.4326       2.2652       2.9965       3.6700       4.3034       4.9067       5.4858       6.0451       6.5875       7.1153       7.6303       8.1339       8.6276       9.1134       9.5991      10.1156      10.7738      11.8846      14.0912      18.2196      24.4165      30.8479      33.8612      30.5778      24.5227
      1.3881       2.1947       2.9033       3.5558       4.1696       4.7541       5.3152       5.8571       6.3826       6.8940       7.3930       7.8810       8.3591       8.8285       9.2917       9.7578      10.2628      10.9284      12.0775      14.3394      18.4617      24.4779      30.5778      33.3950      30.3172
      1.3466       2.1292       2.8167       3.4497       4.0451       4.6121       5.1565       5.6822       6.1920       6.6882       7.1723       7.6457       8.1095       8.5646       9.0123       9.4552       9.9042      10.4006      11.0765      12.2644      14.5761      18.6837      24.5227      30.3172      32.9593
