     17.0214       2.4675       0.2684       0.0258       0.0023       0.0002       0.0000       0.0000       0.0000       0.0000       0.0000
      2.4675      14.3493       3.5099       0.5326       0.0656       0.0072       0.0007       0.0001       0.0000       0.0000       0.0000
      0.2684       3.5099      12.2754       4.1698       0.8097       0.1212       0.0157       0.0018       0.0002       0.0000       0.0000
      0.0258       0.5326       4.1698      10.6558       4.5825       1.0817       0.1906       0.0283       0.0038       0.0005       0.0001
      0.0023       0.0656       0.8097       4.5825       9.3823       4.8248       1.3375       0.2708       0.0454       0.0067       0.0009
      0.0002       0.0072       0.1212       1.0817       4.8248       8.3734       4.9484       1.5708       0.3587       0.0669       0.0109
      0.0000       0.0007       0.0157       0.1906       1.3375       4.9484       7.5677       4.9895       1.7790       0.4517       0.0928
      0.0000       0.0001       0.0018       0.0283       0.2708       1.5708       4.9895       6.9185       4.9739       1.9614       0.5474
      0.0000       0.0000       0.0002       0.0038       0.0454       0.3587       1.7790       4.9739       6.3905       4.9200       2.1189
      0.0000       0.0000       0.0000       0.0005       0.0067       0.0669       0.4517       1.9614       4.9200       5.9567       4.8410
      0.0000       0.0000       0.0000       0.0001       0.0009       0.0109       0.0928       0.5474       2.1189       4.8410       5.5967
