      5.7705       7.7232       6.2542       5.1341       4.3794       3.8410       3.4354       3.1176       2.8609       2.6487       2.4699       2.3170       2.1845       2.0684       1.9658       1.8743       1.7922       1.7180       1.6506       1.5890       1.5326       1.4806       1.4326       1.3881       1.3466
      7.7232       6.4665       9.0320       8.0424       6.9206       6.0732       5.4320       4.9294       4.5235       4.1880       3.9053       3.6635       3.4540       3.2704       3.1082       2.9635       2.8337       2.7164       2.6098       2.5125       2.4233       2.3411       2.2652       2.1947       2.1292
      6.2542       9.0320       7.0701       9.5848       9.0321       8.0255       7.1859       6.5211       5.9841       5.5402       5.1662       4.8463       4.5692       4.3264       4.1117       3.9204       3.7486       3.5934       3.4524       3.3237       3.2057       3.0970       2.9965       2.9033       2.8167
      5.1341       8.0424       9.5848       7.5918       9.8715       9.6550       8.7852       7.9865       7.3292       6.7853       6.3273       5.9355       5.5961       5.2987       5.0358       4.8014       4.5911       4.4010       4.2283       4.0707       3.9261       3.7930       3.6700       3.5558       3.4497
      4.3794       6.9206       9.0321       9.8715       8.0422      10.0421      10.0755       9.3400       8.5933       7.9569       7.4196       6.9601       6.5620       6.2133       5.9050       5.6302       5.3835       5.1606       4.9582       4.7733       4.6038       4.4477       4.3034       4.1696       4.0451
      3.8410       6.0732       8.0255       9.6550      10.0421       8.4313      10.1566      10.3727       9.7617       9.0701       8.4600       7.9359       7.4819       7.0843       6.7327       6.4194       6.1381       5.8840       5.6532       5.4424       5.2492       5.0712       4.9067       4.7541       4.6121
      3.4354       5.4320       7.1859       8.7852      10.0755      10.1566       8.7681      10.2424      10.5899      10.0916       9.4547       8.8731       8.3653       7.9205       7.5275       7.1771       6.8626       6.5785       6.3205       6.0848       5.8687       5.6697       5.4858       5.3152       5.1565
      3.1176       4.9294       6.5211       7.9865       9.3400      10.3727      10.2424       9.0602      10.3128      10.7527      10.3552       9.7714       9.2185       8.7284       8.2950       7.9088       7.5623       7.2492       6.9648       6.7052       6.4670       6.2477       6.0451       5.8571       5.6822
      2.8609       4.5235       5.9841       7.3292       8.5933       9.7617      10.5899      10.3128       9.3144      10.3748      10.8776      10.5695      10.0364       9.5117       9.0397       8.6186       8.2408       7.8996       7.5897       7.3068       7.0473       6.8083       6.5875       6.3826       6.1920
      2.6487       4.1880       5.5402       6.7853       7.9569       9.0701      10.0916      10.7527      10.3748       9.5366      10.4320      10.9752      10.7460      10.2611       9.7638       9.3097       8.9014       8.5327       8.1979       7.8922       7.6119       7.3538       7.1153       6.8940       6.6882
      2.4699       3.9053       5.1662       6.3273       7.4196       8.4600       9.4547      10.3552      10.8776      10.4320       9.7314      10.4863      11.0529      10.8931      10.4536       9.9829       9.5463       9.1506       8.7913       8.4635       8.1629       7.8861       7.6303       7.3930       7.1723
      2.3170       3.6635       4.8463       5.9355       6.9601       7.9359       8.8731       9.7714      10.5695      10.9752      10.4863       9.9030      10.5386      11.1160      11.0168      10.6202      10.1749       9.7552       9.3719       9.0222       8.7017       8.4066       8.1339       7.8810       7.6457
      2.1845       3.4540       4.5692       5.5961       6.5620       7.4819       8.3653       9.2185      10.0364      10.7460      11.0529      10.5386      10.0549      10.5893      11.1681      11.1216      10.7653      10.3445       9.9411       9.5700       9.2297       8.9166       8.6273       8.3590       8.1094
      2.0684       3.2704       4.3264       5.2987       6.2133       7.0843       7.9205       8.7284       9.5117      10.2611      10.8931      11.1160      10.5893      10.1899      10.6387      11.2119      11.2112      10.8927      10.4954      10.1076       9.7482       9.4172       9.1115       8.8281       8.5645
      1.9658       3.1082       4.1117       5.0358       5.9050       6.7327       7.5275       8.2950       9.0397       9.7638      10.4536      11.0168      11.1681      10.6387      10.3106      10.6868      11.2494      11.2881      11.0051      10.6304      10.2576       9.9094       9.5875       9.2891       9.0117
      1.8743       2.9635       3.9204       4.8014       5.6302       6.4194       7.1771       7.9088       8.6186       9.3097       9.9829      10.6202      11.1216      11.2119      10.6868      10.4188      10.7335      11.2820      11.3547      11.1048      10.7517      10.3934      10.0560       9.7428       9.4517
      1.7922       2.8337       3.7486       4.5911       5.3835       6.1381       6.8626       7.5623       8.2408       8.9014       9.5463      10.1749      10.7653      11.2112      11.2494      10.7335      10.5164      10.7789      11.3109      11.4126      11.1935      10.8613      10.5169      10.1899       9.8851
      1.7180       2.7164       3.5934       4.4010       5.1606       5.8840       6.5785       7.2492       7.8996       8.5327       9.1506       9.7552      10.3445      10.8927      11.2881      11.2820      10.7789      10.6048      10.8229      11.3369      11.4633      11.2729      10.9607      10.6297      10.3127
      1.6506       2.6098       3.4524       4.2283       4.9582       5.6532       6.3205       6.9648       7.5897       8.1979       8.7913       9.3719       9.9411      10.4954      11.0051      11.3547      11.3109      10.8229      10.6852      10.8655      11.3605      11.5078      11.3442      11.0512      10.7330
      1.5890       2.5125       3.3237       4.0707       4.7733       5.4424       6.0848       6.7052       7.3068       7.8922       8.4635       9.0222       9.5700      10.1076      10.6304      11.1048      11.4126      11.3369      10.8655      10.7587      10.9067      11.3823      11.5472      11.4083      11.1338
      1.5326       2.4233       3.2057       3.9261       4.6038       5.2492       5.8687       6.4670       7.0473       7.6119       8.1629       8.7017       9.2297       9.7482      10.2576      10.7517      11.1935      11.4633      11.3605      10.9067      10.8260      10.9465      11.4027      11.5822      11.4663
      1.4806       2.3411       3.0970       3.7930       4.4477       5.0712       5.6697       6.2477       6.8083       7.3538       7.8861       8.4066       8.9166       9.4172       9.9094      10.3934      10.8613      11.2729      11.5078      11.3823      10.9465      10.8880      10.9849      11.4218      11.6135
      1.4326       2.2652       2.9965       3.6700       4.3034       4.9067       5.4858       6.0451       6.5875       7.1153       7.6303       8.1339       8.6273       9.1115       9.5875      10.0560      10.5169      10.9607      11.3442      11.5472      11.4027      10.9849      10.9453      11.0219      11.4400
      1.3881       2.1947       2.9033       3.5558       4.1696       4.7541       5.3152       5.8571       6.3826       6.8940       7.3930       7.8810       8.3590       8.8281       9.2891       9.7428      10.1899      10.6297      11.0512      11.4083      11.5822      11.4218      11.0219      10.9984      11.0575
      1.3466       2.1292       2.8167       3.4497       4.0451       4.6121       5.1565       5.6822       6.1920       6.6882       7.1723       7.6457       8.1094       8.5645       9.0117       9.4517       9.8851      10.3127      10.7330      11.1338      11.4663      11.6135      11.4400      11.0575      11.0479
