    -16.1042     -11.4023      -7.0707      -3.9474      -1.8787      -0.5849       0.1783       0.5935       0.7883       0.8491       0.8321       0.7735       0.6954       0.6115       0.5294       0.4532       0.3848       0.3248       0.2728       0.2284       0.1907       0.1589       0.1322       0.1099       0.0912       0.0757       0.0628       0.0521       0.0432       0.0358       0.0297       0.0246       0.0204       0.0169       0.0140       0.0116       0.0096       0.0080       0.0066       0.0055       0.0046       0.0038       0.0031       0.0026       0.0022       0.0018       0.0015       0.0012       0.0010       0.0009
    -11.4023     -10.3937      -8.1684      -5.8774      -3.9067      -2.3595      -1.2186      -0.4208       0.1075       0.4348       0.6182       0.7026       0.7215       0.6993       0.6531       0.5947       0.5316       0.4688       0.4091       0.3542       0.3048       0.2610       0.2226       0.1893       0.1605       0.1359       0.1149       0.0970       0.0818       0.0689       0.0580       0.0488       0.0411       0.0345       0.0290       0.0244       0.0205       0.0172       0.0145       0.0122       0.0102       0.0086       0.0072       0.0061       0.0051       0.0043       0.0036       0.0030       0.0025       0.0021
     -7.0707      -8.1684      -7.7319      -6.5738      -5.1732      -3.8034      -2.6014      -1.6189      -0.8587      -0.2987       0.0940       0.3536       0.5118       0.5955       0.6265       0.6218       0.5942       0.5529       0.5046       0.4538       0.4035       0.3556       0.3112       0.2707       0.2345       0.2023       0.1740       0.1493       0.1279       0.1093       0.0933       0.0795       0.0677       0.0576       0.0490       0.0417       0.0354       0.0300       0.0255       0.0216       0.0183       0.0156       0.0132       0.0112       0.0095       0.0080       0.0068       0.0058       0.0049       0.0041
     -3.9474      -5.8774      -6.5738      -6.3921      -5.6805      -4.7148      -3.6868      -2.7158      -1.8660      -1.1629      -0.6078      -0.1884       0.1144       0.3216       0.4534       0.5278       0.5599       0.5621       0.5439       0.5129       0.4743       0.4322       0.3893       0.3474       0.3078       0.2710       0.2374       0.2071       0.1800       0.1561       0.1350       0.1165       0.1004       0.0864       0.0742       0.0637       0.0547       0.0468       0.0401       0.0343       0.0294       0.0251       0.0215       0.0183       0.0157       0.0134       0.0114       0.0097       0.0083       0.0071
     -1.8787      -3.9067      -5.1732      -5.6805      -5.5907      -5.0981      -4.3774      -3.5657      -2.7590      -2.0177      -1.3742      -0.8406      -0.4160      -0.0910       0.1472       0.3132       0.4213       0.4841       0.5128       0.5166       0.5031       0.4780       0.4458       0.4099       0.3725       0.3355       0.2999       0.2664       0.2354       0.2071       0.1816       0.1588       0.1384       0.1204       0.1045       0.0906       0.0784       0.0678       0.0586       0.0505       0.0436       0.0375       0.0323       0.0278       0.0239       0.0206       0.0177       0.0152       0.0130       0.0112
     -0.5849      -2.3595      -3.8034      -4.7148      -5.0981      -5.0450      -4.6762      -4.1098      -3.4461      -2.7616      -2.1093      -1.5221      -1.0167      -0.5985      -0.2647      -0.0079       0.1818       0.3152       0.4028       0.4542       0.4780       0.4811       0.4696       0.4480       0.4200       0.3884       0.3553       0.3221       0.2899       0.2593       0.2307       0.2044       0.1804       0.1588       0.1393       0.1220       0.1066       0.0930       0.0810       0.0704       0.0612       0.0531       0.0460       0.0399       0.0345       0.0299       0.0258       0.0223       0.0193       0.0167
      0.1783      -1.2186      -2.6014      -3.6868      -4.3774      -4.6762      -4.6400      -4.3493      -3.8881      -3.3315      -2.7410      -2.1622      -1.6261      -1.1509      -0.7454      -0.4110      -0.1442       0.0613       0.2135       0.3208       0.3913       0.4325       0.4509       0.4524       0.4414       0.4219       0.3968       0.3684       0.3385       0.3084       0.2790       0.2509       0.2244       0.1999       0.1774       0.1570       0.1385       0.1219       0.1071       0.0939       0.0822       0.0719       0.0628       0.0548       0.0477       0.0416       0.0361       0.0314       0.0273       0.0237
      0.5935      -0.4208      -1.6189      -2.7158      -3.5657      -4.1098      -4.3493      -4.3221      -4.0848      -3.6992      -3.2235      -2.7073      -2.1898      -1.6992      -1.2539      -0.8643      -0.5343      -0.2634      -0.0478       0.1180       0.2407       0.3269       0.3831       0.4153       0.4288       0.4282       0.4171       0.3988       0.3757       0.3498       0.3224       0.2948       0.2678       0.2418       0.2173       0.1944       0.1733       0.1541       0.1366       0.1208       0.1066       0.0939       0.0826       0.0725       0.0636       0.0557       0.0488       0.0426       0.0372       0.0325
      0.7883       0.1075      -0.8587      -1.8660      -2.7590      -3.4461      -3.8881      -4.0848      -4.0631      -3.8643      -3.5354      -3.1225      -2.6664      -2.2005      -1.7501      -1.3332      -0.9608      -0.6384      -0.3674      -0.1460       0.0294       0.1639       0.2629       0.3320       0.3763       0.4009       0.4100       0.4072       0.3958       0.3782       0.3565       0.3324       0.3072       0.2816       0.2566       0.2325       0.2097       0.1883       0.1685       0.1504       0.1338       0.1188       0.1052       0.0931       0.0822       0.0724       0.0638       0.0561       0.0493       0.0433
      0.8491       0.4348      -0.2987      -1.1629      -2.0177      -2.7616      -3.3315      -3.6992      -3.8643      -3.8462      -3.6764      -3.3915      -3.0287      -2.6218      -2.1997      -1.7850      -1.3946      -1.0396      -0.7266      -0.4582      -0.2341      -0.0522       0.0912       0.2006       0.2804       0.3354       0.3699       0.3880       0.3932       0.3885       0.3765       0.3594       0.3389       0.3163       0.2927       0.2690       0.2456       0.2232       0.2019       0.1819       0.1633       0.1462       0.1305       0.1162       0.1033       0.0917       0.0812       0.0719       0.0635       0.0560
      0.8321       0.6182       0.0940      -0.6078      -1.3742      -2.1093      -2.7410      -3.2235      -3.5354      -3.6764      -3.6609      -3.5136      -3.2637      -2.9416      -2.5757      -2.1911      -1.8080      -1.4420      -1.1042      -0.8015      -0.5375      -0.3131      -0.1271       0.0230       0.1405       0.2294       0.2936       0.3370       0.3634       0.3761       0.3779       0.3715       0.3590       0.3422       0.3225       0.3012       0.2791       0.2568       0.2350       0.2140       0.1940       0.1752       0.1578       0.1416       0.1268       0.1133       0.1010       0.0899       0.0799       0.0709
      0.7735       0.7026       0.3536      -0.1884      -0.8406      -1.5221      -2.1622      -2.7073      -3.1225      -3.3915      -3.5136      -3.5002      -3.3708      -3.1492      -2.8607      -2.5294      -2.1771      -1.8220      -1.4785      -1.1572      -0.8653      -0.6069      -0.3837      -0.1956      -0.0408       0.0832       0.1796       0.2517       0.3030       0.3369       0.3565       0.3646       0.3636       0.3557       0.3428       0.3262       0.3073       0.2870       0.2661       0.2452       0.2247       0.2050       0.1863       0.1686       0.1522       0.1369       0.1229       0.1101       0.0984       0.0879
      0.6954       0.7215       0.5118       0.1144      -0.4160      -1.0167      -1.6261      -2.1898      -2.6664      -3.0287      -3.2637      -3.3708      -3.3590      -3.2441      -3.0458      -2.7854      -2.4837      -2.1595      -1.8294      -1.5064      -1.2008      -0.9197      -0.6677      -0.4470      -0.2581      -0.1001       0.0288       0.1313       0.2102       0.2685       0.3092       0.3352       0.3491       0.3534       0.3501       0.3410       0.3276       0.3113       0.2930       0.2737       0.2539       0.2342       0.2149       0.1963       0.1787       0.1620       0.1465       0.1322       0.1189       0.1067
      0.6115       0.6993       0.5955       0.3216      -0.0910      -0.5985      -1.1509      -1.6992      -2.2005      -2.6218      -2.9416      -3.1492      -3.2441      -3.2336      -3.1307      -2.9519      -2.7154      -2.4390      -2.1395      -1.8316      -1.5274      -1.2367      -0.9663      -0.7211      -0.5038      -0.3152      -0.1553      -0.0225       0.0849       0.1695       0.2339       0.2807       0.3126       0.3320       0.3413       0.3424       0.3371       0.3270       0.3134       0.2973       0.2796       0.2611       0.2423       0.2236       0.2054       0.1879       0.1713       0.1556       0.1409       0.1273
      0.5294       0.6531       0.6265       0.4534       0.1472      -0.2647      -0.7454      -1.2539      -1.7501      -2.1997      -2.5757      -2.8607      -3.0458      -3.1307      -3.1212      -3.0284      -2.8662      -2.6500      -2.3957      -2.1179      -1.8299      -1.5430      -1.2661      -1.0062      -0.7681      -0.5546      -0.3674      -0.2064      -0.0709       0.0405       0.1299       0.1996       0.2518       0.2891       0.3136       0.3276       0.3330       0.3315       0.3246       0.3137       0.2999       0.2840       0.2669       0.2492       0.2313       0.2136       0.1963       0.1798       0.1641       0.1493
      0.4532       0.5947       0.6218       0.5278       0.3132      -0.0079      -0.4110      -0.8643      -1.3332      -1.7850      -2.1911      -2.5294      -2.7854      -2.9519      -3.0284      -3.0199      -2.9355      -2.7874      -2.5889      -2.3538      -2.0953      -1.8253      -1.5541      -1.2903      -1.0405      -0.8094      -0.6003      -0.4149      -0.2537      -0.1164      -0.0018       0.0916       0.1658       0.2229       0.2650       0.2943       0.3127       0.3222       0.3243       0.3207       0.3125       0.3010       0.2870       0.2715       0.2549       0.2379       0.2208       0.2040       0.1876       0.1720
      0.3848       0.5316       0.5942       0.5599       0.4213       0.1818      -0.1442      -0.5343      -0.9608      -1.3946      -1.8080      -2.1771      -2.4837      -2.7154      -2.8662      -2.9355      -2.9278      -2.8507      -2.7148      -2.5317      -2.3135      -2.0721      -1.8183      -1.5616      -1.3100      -1.0698      -0.8459      -0.6414      -0.4583      -0.2976      -0.1591      -0.0421       0.0547       0.1328       0.1942       0.2407       0.2743       0.2969       0.3102       0.3159       0.3154       0.3099       0.3008       0.2888       0.2748       0.2595       0.2435       0.2271       0.2108       0.1948
      0.3248       0.4688       0.5529       0.5621       0.4841       0.3152       0.0613      -0.2634      -0.6384      -1.0396      -1.4420      -1.8220      -2.1595      -2.4390      -2.6500      -2.7874      -2.8507      -2.8436      -2.7729      -2.6475      -2.4779      -2.2747      -2.0487      -1.8095      -1.5661      -1.3259      -1.0950      -0.8780      -0.6783      -0.4980      -0.3382      -0.1991      -0.0803       0.0192       0.1007       0.1658       0.2163       0.2539       0.2803       0.2973       0.3063       0.3089       0.3062       0.2993       0.2893       0.2770       0.2631       0.2482       0.2326       0.2169
      0.2728       0.4091       0.5046       0.5439       0.5128       0.4028       0.2135      -0.0478      -0.3674      -0.7266      -1.1042      -1.4785      -1.8294      -2.1395      -2.3957      -2.5889      -2.7148      -2.7729      -2.7663      -2.7011      -2.5850      -2.4273      -2.2375      -2.0252      -1.7994      -1.5683      -1.3387      -1.1166      -0.9064      -0.7116      -0.5342      -0.3758      -0.2366      -0.1165      -0.0149       0.0695       0.1379       0.1919       0.2332       0.2632       0.2836       0.2959       0.3014       0.3013       0.2968       0.2888       0.2782       0.2657       0.2519       0.2373
      0.2284       0.3542       0.4538       0.5129       0.5166       0.4542       0.3208       0.1180      -0.1460      -0.4582      -0.8015      -1.1572      -1.5064      -1.8316      -2.1179      -2.3538      -2.5317      -2.6475      -2.7011      -2.6950      -2.6346      -2.5267      -2.3795      -2.2017      -2.0019      -1.7883      -1.5684      -1.3489      -1.1351      -0.9315      -0.7415      -0.5674      -0.4105      -0.2717      -0.1508      -0.0474       0.0393       0.1106       0.1678       0.2124       0.2457       0.2694       0.2847       0.2930       0.2956       0.2933       0.2874       0.2785       0.2675       0.2549
      0.1907       0.3048       0.4035       0.4743       0.5031       0.4780       0.3913       0.2407       0.0294      -0.2341      -0.5375      -0.8653      -1.2008      -1.5274      -1.8299      -2.0953      -2.3135      -2.4779      -2.5850      -2.6346      -2.6289      -2.5727      -2.4721      -2.3344      -2.1673      -1.9788      -1.7764      -1.5669      -1.3567      -1.1509      -0.9537      -0.7685      -0.5977      -0.4428      -0.3045      -0.1832      -0.0785       0.0102       0.0840       0.1440       0.1916       0.2280       0.2547       0.2729       0.2840       0.2890       0.2890       0.2851       0.2779       0.2684
      0.1589       0.2610       0.3556       0.4322       0.4780       0.4811       0.4325       0.3269       0.1639      -0.0522      -0.3131      -0.6069      -0.9197      -1.2367      -1.5430      -1.8253      -2.0721      -2.2747      -2.4273      -2.5267      -2.5727      -2.5675      -2.5151      -2.4210      -2.2917      -2.1344      -1.9561      -1.7639      -1.5641      -1.3626      -1.1643      -0.9733      -0.7929      -0.6255      -0.4726      -0.3353      -0.2139      -0.1082      -0.0178       0.0581       0.1206       0.1709       0.2101       0.2396       0.2606       0.2742       0.2817       0.2839       0.2819       0.2765
      0.1322       0.2226       0.3112       0.3893       0.4458       0.4696       0.4509       0.3831       0.2629       0.0912      -0.1271      -0.3837      -0.6677      -0.9663      -1.2661      -1.5541      -1.8183      -2.0487      -2.2375      -2.3795      -2.4721      -2.5151      -2.5102      -2.4611      -2.3728      -2.2512      -2.1027      -1.9338      -1.7510      -1.5602      -1.3668      -1.1757      -0.9906      -0.8149      -0.6509      -0.5003      -0.3641      -0.2428      -0.1365      -0.0448       0.0330       0.0977       0.1504       0.1923       0.2244       0.2479       0.2640       0.2738       0.2782       0.2781
      0.1099       0.1893       0.2707       0.3474       0.4099       0.4480       0.4524       0.4153       0.3320       0.2006       0.0230      -0.1956      -0.4470      -0.7211      -1.0062      -1.2903      -1.5616      -1.8095      -2.0252      -2.2017      -2.3344      -2.4210      -2.4611      -2.4565      -2.4105      -2.3274      -2.2128      -2.0722      -1.9119      -1.7378      -1.5553      -1.3696      -1.1852      -1.0059      -0.8348      -0.6742      -0.5259      -0.3910      -0.2702      -0.1635      -0.0707       0.0086       0.0753       0.1302       0.1744       0.2089       0.2349       0.2534       0.2653       0.2718
      0.0912       0.1605       0.2345       0.3078       0.3725       0.4200       0.4414       0.4288       0.3763       0.2804       0.1405      -0.0408      -0.2581      -0.5038      -0.7681      -1.0405      -1.3100      -1.5661      -1.7994      -2.0019      -2.1673      -2.2917      -2.3728      -2.4105      -2.4062      -2.3629      -2.2846      -2.1762      -2.0430      -1.8906      -1.7244      -1.5497      -1.3712      -1.1932      -1.0194      -0.8527      -0.6956      -0.5497      -0.4163      -0.2960      -0.1891      -0.0956      -0.0150       0.0534       0.1103       0.1567       0.1935       0.2217       0.2424       0.2565
      0.0757       0.1359       0.2023       0.2710       0.3355       0.3884       0.4219       0.4282       0.4009       0.3354       0.2294       0.0832      -0.1001      -0.3152      -0.5546      -0.8094      -1.0698      -1.3259      -1.5683      -1.7883      -1.9788      -2.1344      -2.2512      -2.3274      -2.3629      -2.3588      -2.3180      -2.2440      -2.1413      -2.0148      -1.8697      -1.7109      -1.5434      -1.3717      -1.1999      -1.0313      -0.8690      -0.7152      -0.5717      -0.4399      -0.3204      -0.2136      -0.1194      -0.0377       0.0321       0.0908       0.1391       0.1780       0.2083       0.2311
      0.0628       0.1149       0.1740       0.2374       0.2999       0.3553       0.3968       0.4171       0.4100       0.3699       0.2936       0.1796       0.0288      -0.1553      -0.3674      -0.6003      -0.8459      -1.0950      -1.3387      -1.5684      -1.7764      -1.9561      -2.1027      -2.2128      -2.2846      -2.3180      -2.3141      -2.2755      -2.2055      -2.1080      -1.9877      -1.8493      -1.6974      -1.5367      -1.3714      -1.2052      -1.0417      -0.8836      -0.7332      -0.5922      -0.4620      -0.3434      -0.2368      -0.1423      -0.0597       0.0114       0.0716       0.1217       0.1625       0.1948
      0.0521       0.0970       0.1493       0.2071       0.2664       0.3221       0.3684       0.3988       0.4072       0.3880       0.3370       0.2517       0.1313      -0.0225      -0.2064      -0.4149      -0.6414      -0.8780      -1.1166      -1.3489      -1.5669      -1.7639      -1.9338      -2.0722      -2.1762      -2.2440      -2.2755      -2.2719      -2.2353      -2.1689      -2.0762      -1.9616      -1.8294      -1.6839      -1.5295      -1.3702      -1.2096      -1.0509      -0.8968      -0.7497      -0.6112      -0.4828      -0.3652      -0.2589      -0.1642      -0.0809      -0.0087       0.0529       0.1046       0.1472
      0.0432       0.0818       0.1279       0.1800       0.2354       0.2899       0.3385       0.3757       0.3958       0.3932       0.3634       0.3030       0.2102       0.0849      -0.0709      -0.2537      -0.4583      -0.6783      -0.9064      -1.1351      -1.3567      -1.5641      -1.7510      -1.9119      -2.0430      -2.1413      -2.2055      -2.2353      -2.2319      -2.1972      -2.1340      -2.0458      -1.9364      -1.8100      -1.6705      -1.5220      -1.3683      -1.2129      -1.0589      -0.9088      -0.7649      -0.6289      -0.5022      -0.3857      -0.2799      -0.1852      -0.1013      -0.0282       0.0346       0.0878
      0.0358       0.0689       0.1093       0.1561       0.2071       0.2593       0.3084       0.3498       0.3782       0.3885       0.3761       0.3369       0.2685       0.1695       0.0405      -0.1164      -0.2976      -0.4980      -0.7116      -0.9315      -1.1509      -1.3626      -1.5602      -1.7378      -1.8906      -2.0148      -2.1080      -2.1689      -2.1972      -2.1939      -2.1609      -2.1008      -2.0167      -1.9122      -1.7910      -1.6571      -1.5142      -1.3659      -1.2154      -1.0658      -0.9195      -0.7788      -0.6453      -0.5204      -0.4051      -0.2999      -0.2052      -0.1210      -0.0471       0.0168
      0.0297       0.0580       0.0933       0.1350       0.1816       0.2307       0.2790       0.3224       0.3565       0.3765       0.3779       0.3565       0.3092       0.2339       0.1299      -0.0018      -0.1591      -0.3382      -0.5342      -0.7415      -0.9537      -1.1643      -1.3668      -1.5553      -1.7244      -1.8697      -1.9877      -2.0762      -2.1340      -2.1609      -2.1578      -2.1264      -2.0691      -1.9888      -1.8888      -1.7726      -1.6439      -1.5062      -1.3630      -1.2172      -1.0718      -0.9292      -0.7916      -0.6606      -0.5375      -0.4235      -0.3190      -0.2244      -0.1400      -0.0655
      0.0246       0.0488       0.0795       0.1165       0.1588       0.2044       0.2509       0.2948       0.3324       0.3594       0.3715       0.3646       0.3352       0.2807       0.1996       0.0916      -0.0421      -0.1991      -0.3758      -0.5674      -0.7685      -0.9733      -1.1757      -1.3696      -1.5497      -1.7109      -1.8493      -1.9616      -2.0458      -2.1008      -2.1264      -2.1235      -2.0935      -2.0388      -1.9619      -1.8661      -1.7546      -1.6308      -1.4981      -1.3596      -1.2183      -1.0770      -0.9380      -0.8033      -0.6748      -0.5536      -0.4408      -0.3371      -0.2428      -0.1582
      0.0204       0.0411       0.0677       0.1004       0.1384       0.1804       0.2244       0.2678       0.3072       0.3389       0.3590       0.3636       0.3491       0.3126       0.2518       0.1658       0.0547      -0.0803      -0.2366      -0.4105      -0.5977      -0.7929      -0.9906      -1.1852      -1.3712      -1.5434      -1.6974      -1.8294      -1.9364      -2.0167      -2.0691      -2.0935      -2.0907      -2.0621      -2.0097      -1.9362      -1.8443      -1.7371      -1.6179      -1.4898      -1.3558      -1.2188      -1.0814      -0.9458      -0.8141      -0.6880      -0.5686      -0.4572      -0.3543      -0.2604
      0.0169       0.0345       0.0576       0.0864       0.1204       0.1588       0.1999       0.2418       0.2816       0.3163       0.3422       0.3557       0.3534       0.3320       0.2891       0.2229       0.1328       0.0192      -0.1165      -0.2717      -0.4428      -0.6255      -0.8149      -1.0059      -1.1932      -1.3717      -1.5367      -1.6839      -1.8100      -1.9122      -1.9888      -2.0388      -2.0621      -2.0594      -2.0320      -1.9819      -1.9114      -1.8231      -1.7201      -1.6052      -1.4814      -1.3517      -1.2188      -1.0851      -0.9529      -0.8240      -0.7002      -0.5828      -0.4727      -0.3706
      0.0140       0.0290       0.0490       0.0742       0.1045       0.1393       0.1774       0.2173       0.2566       0.2927       0.3225       0.3428       0.3501       0.3413       0.3136       0.2650       0.1942       0.1007      -0.0149      -0.1508      -0.3045      -0.4726      -0.6509      -0.8348      -1.0194      -1.1999      -1.3714      -1.5295      -1.6705      -1.7910      -1.8888      -1.9619      -2.0097      -2.0320      -2.0295      -2.0033      -1.9552      -1.8875      -1.8027      -1.7034      -1.5926      -1.4730      -1.3474      -1.2183      -1.0882      -0.9592      -0.8331      -0.7116      -0.5960      -0.4873
      0.0116       0.0244       0.0417       0.0637       0.0906       0.1220       0.1570       0.1944       0.2325       0.2690       0.3012       0.3262       0.3410       0.3424       0.3276       0.2943       0.2407       0.1658       0.0695      -0.0474      -0.1832      -0.3353      -0.5003      -0.6742      -0.8527      -1.0313      -1.2052      -1.3702      -1.5220      -1.6571      -1.7726      -1.8661      -1.9362      -1.9819      -2.0033      -2.0008      -1.9757      -1.9296      -1.8645      -1.7829      -1.6872      -1.5802      -1.4645      -1.3428      -1.2174      -1.0907      -0.9648      -0.8415      -0.7222      -0.6085
      0.0096       0.0205       0.0354       0.0547       0.0784       0.1066       0.1385       0.1733       0.2097       0.2456       0.2791       0.3073       0.3276       0.3371       0.3330       0.3127       0.2743       0.2163       0.1379       0.0393      -0.0785      -0.2139      -0.3641      -0.5259      -0.6956      -0.8690      -1.0417      -1.2096      -1.3683      -1.5142      -1.6439      -1.7546      -1.8443      -1.9114      -1.9552      -1.9757      -1.9733      -1.9492      -1.9049      -1.8423      -1.7637      -1.6714      -1.5680      -1.4561      -1.3380      -1.2161      -1.0927      -0.9698      -0.8491      -0.7321
      0.0080       0.0172       0.0300       0.0468       0.0678       0.0930       0.1219       0.1541       0.1883       0.2232       0.2568       0.2870       0.3113       0.3270       0.3315       0.3222       0.2969       0.2539       0.1919       0.1106       0.0102      -0.1082      -0.2428      -0.3910      -0.5497      -0.7152      -0.8836      -1.0509      -1.2129      -1.3659      -1.5062      -1.6308      -1.7371      -1.8231      -1.8875      -1.9296      -1.9492      -1.9469      -1.9238      -1.8811      -1.8209      -1.7451      -1.6560      -1.5560      -1.4476      -1.3330      -1.2145      -1.0943      -0.9742      -0.8561
      0.0066       0.0145       0.0255       0.0401       0.0586       0.0810       0.1071       0.1366       0.1685       0.2019       0.2350       0.2661       0.2930       0.3134       0.3246       0.3243       0.3102       0.2803       0.2332       0.1678       0.0840      -0.0178      -0.1365      -0.2702      -0.4163      -0.5717      -0.7332      -0.8968      -1.0589      -1.2154      -1.3630      -1.4981      -1.6179      -1.7201      -1.8027      -1.8645      -1.9049      -1.9238      -1.9216      -1.8993      -1.8583      -1.8002      -1.7271      -1.6410      -1.5442      -1.4391      -1.3279      -1.2126      -1.0954      -0.9782
      0.0055       0.0122       0.0216       0.0343       0.0505       0.0704       0.0939       0.1208       0.1504       0.1819       0.2140       0.2452       0.2737       0.2973       0.3137       0.3207       0.3159       0.2973       0.2632       0.2124       0.1440       0.0581      -0.0448      -0.1635      -0.2960      -0.4399      -0.5922      -0.7497      -0.9088      -1.0658      -1.2172      -1.3596      -1.4898      -1.6052      -1.7034      -1.7829      -1.8423      -1.8811      -1.8993      -1.8972      -1.8757      -1.8362      -1.7802      -1.7095      -1.6263      -1.5327      -1.4307      -1.3226      -1.2104      -1.0962
      0.0046       0.0102       0.0183       0.0294       0.0436       0.0612       0.0822       0.1066       0.1338       0.1633       0.1940       0.2247       0.2539       0.2796       0.2999       0.3125       0.3154       0.3063       0.2836       0.2457       0.1916       0.1206       0.0330      -0.0707      -0.1891      -0.3204      -0.4620      -0.6112      -0.7649      -0.9195      -1.0718      -1.2183      -1.3558      -1.4814      -1.5926      -1.6872      -1.7637      -1.8209      -1.8583      -1.8757      -1.8737      -1.8530      -1.8149      -1.7608      -1.6926      -1.6120      -1.5213      -1.4223      -1.3172      -1.2080
      0.0038       0.0086       0.0156       0.0251       0.0375       0.0531       0.0719       0.0939       0.1188       0.1462       0.1752       0.2050       0.2342       0.2611       0.2840       0.3010       0.3099       0.3089       0.2959       0.2694       0.2280       0.1709       0.0977       0.0086      -0.0956      -0.2136      -0.3434      -0.4828      -0.6289      -0.7788      -0.9292      -1.0770      -1.2188      -1.3517      -1.4730      -1.5802      -1.6714      -1.7451      -1.8002      -1.8362      -1.8530      -1.8511      -1.8311      -1.7943      -1.7421      -1.6760      -1.5981      -1.5101      -1.4140      -1.3118
      0.0031       0.0072       0.0132       0.0215       0.0323       0.0460       0.0628       0.0826       0.1052       0.1305       0.1578       0.1863       0.2149       0.2423       0.2669       0.2870       0.3008       0.3062       0.3014       0.2847       0.2547       0.2101       0.1504       0.0753      -0.0150      -0.1194      -0.2368      -0.3652      -0.5022      -0.6453      -0.7916      -0.9380      -1.0814      -1.2188      -1.3474      -1.4645      -1.5680      -1.6560      -1.7271      -1.7802      -1.8149      -1.8311      -1.8292      -1.8100      -1.7744      -1.7239      -1.6600      -1.5844      -1.4990      -1.4057
      0.0026       0.0061       0.0112       0.0183       0.0278       0.0399       0.0548       0.0725       0.0931       0.1162       0.1416       0.1686       0.1963       0.2236       0.2492       0.2715       0.2888       0.2993       0.3013       0.2930       0.2729       0.2396       0.1923       0.1302       0.0534      -0.0377      -0.1423      -0.2589      -0.3857      -0.5204      -0.6606      -0.8033      -0.9458      -1.0851      -1.2183      -1.3428      -1.4561      -1.5560      -1.6410      -1.7095      -1.7608      -1.7943      -1.8100      -1.8082      -1.7896      -1.7552      -1.7063      -1.6444      -1.5711      -1.4882
      0.0022       0.0051       0.0095       0.0157       0.0239       0.0345       0.0477       0.0636       0.0822       0.1033       0.1268       0.1522       0.1787       0.2054       0.2313       0.2549       0.2748       0.2893       0.2968       0.2956       0.2840       0.2606       0.2244       0.1744       0.1103       0.0321      -0.0597      -0.1642      -0.2799      -0.4051      -0.5375      -0.6748      -0.8141      -0.9529      -1.0882      -1.2174      -1.3380      -1.4476      -1.5442      -1.6263      -1.6926      -1.7421      -1.7744      -1.7896      -1.7878      -1.7698      -1.7365      -1.6892      -1.6292      -1.5581
      0.0018       0.0043       0.0080       0.0134       0.0206       0.0299       0.0416       0.0557       0.0724       0.0917       0.1133       0.1369       0.1620       0.1879       0.2136       0.2379       0.2595       0.2770       0.2888       0.2933       0.2890       0.2742       0.2479       0.2089       0.1567       0.0908       0.0114      -0.0809      -0.1852      -0.2999      -0.4235      -0.5536      -0.6880      -0.8240      -0.9592      -1.0907      -1.2161      -1.3330      -1.4391      -1.5327      -1.6120      -1.6760      -1.7239      -1.7552      -1.7698      -1.7681      -1.7507      -1.7185      -1.6726      -1.6144
      0.0015       0.0036       0.0068       0.0114       0.0177       0.0258       0.0361       0.0488       0.0638       0.0812       0.1010       0.1229       0.1465       0.1713       0.1963       0.2208       0.2435       0.2631       0.2782       0.2874       0.2890       0.2817       0.2640       0.2349       0.1935       0.1391       0.0716      -0.0087      -0.1013      -0.2052      -0.3190      -0.4408      -0.5686      -0.7002      -0.8331      -0.9648      -1.0927      -1.2145      -1.3279      -1.4307      -1.5213      -1.5981      -1.6600      -1.7063      -1.7365      -1.7507      -1.7491      -1.7322      -1.7010      -1.6565
      0.0012       0.0030       0.0058       0.0097       0.0152       0.0223       0.0314       0.0426       0.0561       0.0719       0.0899       0.1101       0.1322       0.1556       0.1798       0.2040       0.2271       0.2482       0.2657       0.2785       0.2851       0.2839       0.2738       0.2534       0.2217       0.1780       0.1217       0.0529      -0.0282      -0.1210      -0.2244      -0.3371      -0.4572      -0.5828      -0.7116      -0.8415      -0.9698      -1.0943      -1.2126      -1.3226      -1.4223      -1.5101      -1.5844      -1.6444      -1.6892      -1.7185      -1.7322      -1.7306      -1.7143      -1.6840
      0.0010       0.0025       0.0049       0.0083       0.0130       0.0193       0.0273       0.0372       0.0493       0.0635       0.0799       0.0984       0.1189       0.1409       0.1641       0.1876       0.2108       0.2326       0.2519       0.2675       0.2779       0.2819       0.2782       0.2653       0.2424       0.2083       0.1625       0.1046       0.0346      -0.0471      -0.1400      -0.2428      -0.3543      -0.4727      -0.5960      -0.7222      -0.8491      -0.9742      -1.0954      -1.2104      -1.3172      -1.4140      -1.4990      -1.5711      -1.6292      -1.6726      -1.7010      -1.7143      -1.7127      -1.6969
      0.0009       0.0021       0.0041       0.0071       0.0112       0.0167       0.0237       0.0325       0.0433       0.0560       0.0709       0.0879       0.1067       0.1273       0.1493       0.1720       0.1948       0.2169       0.2373       0.2549       0.2684       0.2765       0.2781       0.2718       0.2565       0.2311       0.1948       0.1472       0.0878       0.0168      -0.0655      -0.1582      -0.2604      -0.3706      -0.4873      -0.6085      -0.7321      -0.8561      -0.9782      -1.0962      -1.2080      -1.3118      -1.4057      -1.4882      -1.5581      -1.6144      -1.6565      -1.6840      -1.6969      -1.6954
