   2027.6117     126.5426    -213.0189    -160.4291     -86.6709     -44.9419     -25.2576     -16.0594     -11.3519      -8.5957      -6.7786
    126.5426     153.7007      76.3777       8.4722      -9.7041      -8.9679      -5.3231      -2.7924      -1.4788      -0.8596      -0.5644
   -213.0189      76.3777      51.9966      36.6482      16.9463       7.1040       3.4218       2.1716       1.6697       1.3684       1.1329
   -160.4291       8.4722      36.6482      18.6834      13.8669       8.0161       4.4541       2.6610       1.7807       1.3087       1.0179
    -86.6709      -9.7041      16.9463      13.8669       6.0644       4.5615       2.8847       1.7724       1.1404       0.7903       0.5860
    -44.9419      -8.9679       7.1040       8.0161       4.5615       1.7049       1.2983       0.8602       0.5552       0.3706       0.2621
    -25.2576      -5.3231       3.4218       4.4541       2.8847       1.2983       0.3654       0.2870       0.1943       0.1267       0.0845
    -16.0594      -2.7924       2.1716       2.6610       1.7724       0.8602       0.2870       0.0173       0.0196       0.0118       0.0048
    -11.3519      -1.4788       1.6697       1.7807       1.1404       0.5552       0.1943       0.0196      -0.0439      -0.0301      -0.0229
     -8.5957      -0.8596       1.3684       1.3087       0.7903       0.3706       0.1267       0.0118      -0.0301      -0.0376      -0.0272
     -6.7786      -0.5644       1.1329       1.0179       0.5860       0.2621       0.0845       0.0048      -0.0229      -0.0272      -0.0231
