   1550.2705    -669.6117     -39.6595     -18.4189     -12.7508      -8.5343      -5.9438      -4.3305      -3.2752      -2.5526      -2.0386      -1.6614      -1.3770      -1.1579      -0.9857      -0.8481      -0.7366      -0.6451      -0.5692      -0.5055
   -669.6117     619.0605     -48.4205       8.3682       7.3417       4.6621       3.2171       2.3527       1.7887       1.4006       1.1230       0.9182       0.7632       0.6433       0.5487       0.4730       0.4114       0.3608       0.3187       0.2834
    -39.6595     -48.4205      78.5595      -2.3912       0.9323       0.9212       0.5949       0.4056       0.2930       0.2206       0.1713       0.1364       0.1109       0.0918       0.0770       0.0655       0.0563       0.0488       0.0427       0.0376
    -18.4189       8.3682      -2.3912       6.9647      -0.3156      -0.1227      -0.0485      -0.0391      -0.0331      -0.0277      -0.0232      -0.0196      -0.0167      -0.0144      -0.0124      -0.0109      -0.0095      -0.0084      -0.0075      -0.0067
    -12.7508       7.3417       0.9323      -0.3156       0.4044      -0.1117      -0.0771      -0.0500      -0.0367      -0.0281      -0.0222      -0.0179      -0.0147      -0.0123      -0.0104      -0.0089      -0.0077      -0.0067      -0.0059      -0.0052
     -8.5343       4.6621       0.9212      -0.1227      -0.1117      -0.0140      -0.0344      -0.0240      -0.0167      -0.0124      -0.0095      -0.0076      -0.0061      -0.0051      -0.0042      -0.0036      -0.0031      -0.0027      -0.0023      -0.0021
     -5.9438       3.2171       0.5949      -0.0485      -0.0771      -0.0344      -0.0122      -0.0094      -0.0066      -0.0047      -0.0036      -0.0028      -0.0022      -0.0018      -0.0015      -0.0013      -0.0011      -0.0009      -0.0008      -0.0007
     -4.3305       2.3527       0.4056      -0.0391      -0.0500      -0.0240      -0.0094      -0.0036      -0.0024      -0.0017      -0.0012      -0.0009      -0.0007      -0.0006      -0.0005      -0.0004      -0.0003      -0.0003      -0.0002      -0.0002
     -3.2752       1.7887       0.2930      -0.0331      -0.0367      -0.0167      -0.0066      -0.0024      -0.0008      -0.0005      -0.0003      -0.0002      -0.0002      -0.0001      -0.0001      -0.0001      -0.0001      -0.0000      -0.0000      -0.0000
     -2.5526       1.4006       0.2206      -0.0277      -0.0281      -0.0124      -0.0047      -0.0017      -0.0005      -0.0000       0.0000       0.0001       0.0001       0.0001       0.0001       0.0001       0.0001       0.0000       0.0000       0.0000
     -2.0386       1.1230       0.1713      -0.0232      -0.0222      -0.0095      -0.0036      -0.0012      -0.0003       0.0000       0.0002       0.0002       0.0001       0.0001       0.0001       0.0001       0.0001       0.0001       0.0001       0.0001
     -1.6614       0.9182       0.1364      -0.0196      -0.0179      -0.0076      -0.0028      -0.0009      -0.0002       0.0001       0.0002       0.0002       0.0002       0.0002       0.0001       0.0001       0.0001       0.0001       0.0001       0.0001
     -1.3770       0.7632       0.1109      -0.0167      -0.0147      -0.0061      -0.0022      -0.0007      -0.0002       0.0001       0.0001       0.0002       0.0002       0.0002       0.0001       0.0001       0.0001       0.0001       0.0001       0.0001
     -1.1579       0.6433       0.0918      -0.0144      -0.0123      -0.0051      -0.0018      -0.0006      -0.0001       0.0001       0.0001       0.0002       0.0002       0.0002       0.0001       0.0001       0.0001       0.0001       0.0001       0.0001
     -0.9857       0.5487       0.0770      -0.0124      -0.0104      -0.0042      -0.0015      -0.0005      -0.0001       0.0001       0.0001       0.0001       0.0001       0.0001       0.0001       0.0001       0.0001       0.0001       0.0001       0.0001
     -0.8481       0.4730       0.0655      -0.0109      -0.0089      -0.0036      -0.0013      -0.0004      -0.0001       0.0001       0.0001       0.0001       0.0001       0.0001       0.0001       0.0001       0.0001       0.0001       0.0001       0.0001
     -0.7366       0.4114       0.0563      -0.0095      -0.0077      -0.0031      -0.0011      -0.0003      -0.0001       0.0001       0.0001       0.0001       0.0001       0.0001       0.0001       0.0001       0.0001       0.0001       0.0001       0.0001
     -0.6451       0.3608       0.0488      -0.0084      -0.0067      -0.0027      -0.0009      -0.0003      -0.0000       0.0000       0.0001       0.0001       0.0001       0.0001       0.0001       0.0001       0.0001       0.0001       0.0001       0.0001
     -0.5692       0.3187       0.0427      -0.0075      -0.0059      -0.0023      -0.0008      -0.0002      -0.0000       0.0000       0.0001       0.0001       0.0001       0.0001       0.0001       0.0001       0.0001       0.0001       0.0001       0.0000
     -0.5055       0.2834       0.0376      -0.0067      -0.0052      -0.0021      -0.0007      -0.0002      -0.0000       0.0000       0.0001       0.0001       0.0001       0.0001       0.0001       0.0001       0.0001       0.0001       0.0000       0.0000
