      3.8157      -4.2912       2.6649      -1.8956       1.2014      -0.8632       0.5430      -0.3871
     -4.2912      12.6988     -10.2729       7.7108      -5.1543       3.4691      -2.1710       1.4156
      2.6649     -10.2729       5.7326      -6.5934       6.1247      -4.7909       3.5630      -2.4310
     -1.8956       7.7108      -6.5934       4.9072      -4.3992       3.8333      -3.0633       2.3667
      1.2014      -5.1543       6.1247      -4.3992       6.4790      -4.9066       3.6191      -2.5845
     -0.8632       3.4691      -4.7909       3.8333      -4.9066       4.9052      -3.8902       2.9204
      0.5430      -2.1710       3.5630      -3.0633       3.6191      -3.8902       3.1980      -2.4991
     -0.3871       1.4156      -2.4310       2.3667      -2.5845       2.9204      -2.4991       2.2691
