     24.3156       2.2096       0.2741       0.0951       0.0504       0.0310       0.0208       0.0148       0.0111       0.0085       0.0068       0.0055       0.0045       0.0038       0.0032       0.0028       0.0024       0.0021       0.0018       0.0016       0.0015       0.0013       0.0012       0.0011       0.0010
      2.2096      -2.3278      -0.6418      -0.2501      -0.1301      -0.0791      -0.0527      -0.0375      -0.0279      -0.0215      -0.0170      -0.0138      -0.0113      -0.0095      -0.0080      -0.0069      -0.0060      -0.0052      -0.0046      -0.0041      -0.0036      -0.0033      -0.0029      -0.0027      -0.0024
      0.2741      -0.6418       0.0325       0.0133       0.0078       0.0050       0.0034       0.0025       0.0018       0.0014       0.0011       0.0009       0.0008       0.0006       0.0005       0.0005       0.0004       0.0004       0.0003       0.0003       0.0002       0.0002       0.0002       0.0002       0.0002
      0.0951      -0.2501       0.0133       0.0019       0.0009       0.0005       0.0003       0.0002       0.0002       0.0001       0.0001       0.0001       0.0001       0.0001       0.0000       0.0000       0.0000       0.0000       0.0000       0.0000       0.0000       0.0000       0.0000       0.0000       0.0000
      0.0504      -0.1301       0.0078       0.0009      -0.0021      -0.0013      -0.0009      -0.0006      -0.0005      -0.0003      -0.0003      -0.0002      -0.0002      -0.0002      -0.0001      -0.0001      -0.0001      -0.0001      -0.0001      -0.0001      -0.0001      -0.0001      -0.0000      -0.0000      -0.0000
      0.0310      -0.0791       0.0050       0.0005      -0.0013      -0.0015      -0.0010      -0.0007      -0.0005      -0.0004      -0.0003      -0.0003      -0.0002      -0.0002      -0.0002      -0.0001      -0.0001      -0.0001      -0.0001      -0.0001      -0.0001      -0.0001      -0.0001      -0.0000      -0.0000
      0.0208      -0.0527       0.0034       0.0003      -0.0009      -0.0010      -0.0009      -0.0007      -0.0005      -0.0004      -0.0003      -0.0002      -0.0002      -0.0002      -0.0001      -0.0001      -0.0001      -0.0001      -0.0001      -0.0001      -0.0001      -0.0001      -0.0001      -0.0000      -0.0000
      0.0148      -0.0375       0.0025       0.0002      -0.0006      -0.0007      -0.0007      -0.0006      -0.0004      -0.0003      -0.0003      -0.0002      -0.0002      -0.0001      -0.0001      -0.0001      -0.0001      -0.0001      -0.0001      -0.0001      -0.0001      -0.0001      -0.0000      -0.0000      -0.0000
      0.0111      -0.0279       0.0018       0.0002      -0.0005      -0.0005      -0.0005      -0.0004      -0.0004      -0.0003      -0.0002      -0.0002      -0.0002      -0.0001      -0.0001      -0.0001      -0.0001      -0.0001      -0.0001      -0.0001      -0.0001      -0.0000      -0.0000      -0.0000      -0.0000
      0.0085      -0.0215       0.0014       0.0001      -0.0003      -0.0004      -0.0004      -0.0003      -0.0003      -0.0003      -0.0002      -0.0002      -0.0001      -0.0001      -0.0001      -0.0001      -0.0001      -0.0001      -0.0001      -0.0001      -0.0000      -0.0000      -0.0000      -0.0000      -0.0000
      0.0068      -0.0170       0.0011       0.0001      -0.0003      -0.0003      -0.0003      -0.0003      -0.0002      -0.0002      -0.0002      -0.0002      -0.0001      -0.0001      -0.0001      -0.0001      -0.0001      -0.0001      -0.0001      -0.0000      -0.0000      -0.0000      -0.0000      -0.0000      -0.0000
      0.0055      -0.0138       0.0009       0.0001      -0.0002      -0.0003      -0.0002      -0.0002      -0.0002      -0.0002      -0.0002      -0.0001      -0.0001      -0.0001      -0.0001      -0.0001      -0.0001      -0.0001      -0.0000      -0.0000      -0.0000      -0.0000      -0.0000      -0.0000      -0.0000
      0.0045      -0.0113       0.0008       0.0001      -0.0002      -0.0002      -0.0002      -0.0002      -0.0002      -0.0001      -0.0001      -0.0001      -0.0001      -0.0001      -0.0001      -0.0001      -0.0001      -0.0000      -0.0000      -0.0000      -0.0000      -0.0000      -0.0000      -0.0000      -0.0000
      0.0038      -0.0095       0.0006       0.0001      -0.0002      -0.0002      -0.0002      -0.0001      -0.0001      -0.0001      -0.0001      -0.0001      -0.0001      -0.0001      -0.0001      -0.0001      -0.0001      -0.0000      -0.0000      -0.0000      -0.0000      -0.0000      -0.0000      -0.0000      -0.0000
      0.0032      -0.0080       0.0005       0.0000      -0.0001      -0.0002      -0.0001      -0.0001      -0.0001      -0.0001      -0.0001      -0.0001      -0.0001      -0.0001      -0.0001      -0.0001      -0.0000      -0.0000      -0.0000      -0.0000      -0.0000      -0.0000      -0.0000      -0.0000      -0.0000
      0.0028      -0.0069       0.0005       0.0000      -0.0001      -0.0001      -0.0001      -0.0001      -0.0001      -0.0001      -0.0001      -0.0001      -0.0001      -0.0001      -0.0001      -0.0001      -0.0000      -0.0000      -0.0000      -0.0000      -0.0000      -0.0000      -0.0000      -0.0000      -0.0000
      0.0024      -0.0060       0.0004       0.0000      -0.0001      -0.0001      -0.0001      -0.0001      -0.0001      -0.0001      -0.0001      -0.0001      -0.0001      -0.0001      -0.0000      -0.0000      -0.0000      -0.0000      -0.0000      -0.0000      -0.0000      -0.0000      -0.0000      -0.0000      -0.0000
      0.0021      -0.0052       0.0004       0.0000      -0.0001      -0.0001      -0.0001      -0.0001      -0.0001      -0.0001      -0.0001      -0.0001      -0.0000      -0.0000      -0.0000      -0.0000      -0.0000      -0.0000      -0.0000      -0.0000      -0.0000      -0.0000      -0.0000      -0.0000      -0.0000
      0.0018      -0.0046       0.0003       0.0000      -0.0001      -0.0001      -0.0001      -0.0001      -0.0001      -0.0001      -0.0001      -0.0000      -0.0000      -0.0000      -0.0000      -0.0000      -0.0000      -0.0000      -0.0000      -0.0000      -0.0000      -0.0000      -0.0000      -0.0000      -0.0000
      0.0016      -0.0041       0.0003       0.0000      -0.0001      -0.0001      -0.0001      -0.0001      -0.0001      -0.0001      -0.0000      -0.0000      -0.0000      -0.0000      -0.0000      -0.0000      -0.0000      -0.0000      -0.0000      -0.0000      -0.0000      -0.0000      -0.0000      -0.0000      -0.0000
      0.0015      -0.0036       0.0002       0.0000      -0.0001      -0.0001      -0.0001      -0.0001      -0.0001      -0.0000      -0.0000      -0.0000      -0.0000      -0.0000      -0.0000      -0.0000      -0.0000      -0.0000      -0.0000      -0.0000      -0.0000      -0.0000      -0.0000      -0.0000      -0.0000
      0.0013      -0.0033       0.0002       0.0000      -0.0001      -0.0001      -0.0001      -0.0001      -0.0000      -0.0000      -0.0000      -0.0000      -0.0000      -0.0000      -0.0000      -0.0000      -0.0000      -0.0000      -0.0000      -0.0000      -0.0000      -0.0000      -0.0000      -0.0000      -0.0000
      0.0012      -0.0029       0.0002       0.0000      -0.0000      -0.0001      -0.0001      -0.0000      -0.0000      -0.0000      -0.0000      -0.0000      -0.0000      -0.0000      -0.0000      -0.0000      -0.0000      -0.0000      -0.0000      -0.0000      -0.0000      -0.0000      -0.0000      -0.0000      -0.0000
      0.0011      -0.0027       0.0002       0.0000      -0.0000      -0.0000      -0.0000      -0.0000      -0.0000      -0.0000      -0.0000      -0.0000      -0.0000      -0.0000      -0.0000      -0.0000      -0.0000      -0.0000      -0.0000      -0.0000      -0.0000      -0.0000      -0.0000      -0.0000      -0.0000
      0.0010      -0.0024       0.0002       0.0000      -0.0000      -0.0000      -0.0000      -0.0000      -0.0000      -0.0000      -0.0000      -0.0000      -0.0000      -0.0000      -0.0000      -0.0000      -0.0000      -0.0000      -0.0000      -0.0000      -0.0000      -0.0000      -0.0000      -0.0000      -0.0000
