      3.5108       2.2204      -1.9183      -1.5662      -1.3357      -1.1715      -1.0478      -0.9509      -0.8726      -0.8079      -0.7533      -0.7067      -0.6663      -0.6309      -0.5996      -0.5717      -0.5466      -0.5240      -0.5034      -0.4847      -0.4674      -0.4516      -0.4369      -0.4234      -0.4107      -0.3989      -0.3879      -0.3775
      2.2204       9.5292       4.9287      -2.4765      -2.1119      -1.8523      -1.6567      -1.5035      -1.3797      -1.2773      -1.1911      -1.1174      -1.0535      -0.9975      -0.9480      -0.9039      -0.8643      -0.8285      -0.7960      -0.7663      -0.7391      -0.7140      -0.6909      -0.6694      -0.6494      -0.6308      -0.6133      -0.5970
     -1.9183       4.9287      15.5477       7.7806      -2.7938      -2.4503      -2.1917      -1.9889      -1.8251      -1.6897      -1.5757      -1.4781      -1.3936      -1.3195      -1.2541      -1.1957      -1.1433      -1.0960      -1.0530      -1.0137      -0.9777      -0.9446      -0.9139      -0.8855      -0.8591      -0.8344      -0.8113      -0.7897
     -1.5662      -2.4765       7.7806      21.5662      10.6929      -3.0010      -2.6842      -2.4359      -2.2353      -2.0695      -1.9298      -1.8103      -1.7068      -1.6161      -1.5359      -1.4644      -1.4003      -1.3423      -1.2896      -1.2416      -1.1975      -1.1569      -1.1193      -1.0845      -1.0522      -1.0219      -0.9937      -0.9672
     -1.3357      -2.1119      -2.7938      10.6929      27.5847      13.6363      -3.1475      -2.8563      -2.6211      -2.4267      -2.2629      -2.1228      -2.0014      -1.8951      -1.8010      -1.7172      -1.6420      -1.5740      -1.5122      -1.4559      -1.4042      -1.3566      -1.3125      -1.2717      -1.2338      -1.1983      -1.1652      -1.1341
     -1.1715      -1.8523      -2.4503      -3.0010      13.6363      33.6031      16.5978      -3.2567      -2.9886      -2.7669      -2.5801      -2.4204      -2.2819      -2.1607      -2.0535      -1.9579      -1.8721      -1.7946      -1.7242      -1.6599      -1.6010      -1.5467      -1.4965      -1.4500      -1.4067      -1.3663      -1.3285      -1.2931
     -1.0478      -1.6567      -2.1917      -2.6842      -3.1475      16.5978      39.6216      19.5710      -3.3413      -3.0935      -2.8847      -2.7061      -2.5513      -2.4157      -2.2959      -2.1890      -2.0931      -2.0065      -1.9277      -1.8559      -1.7900      -1.7293      -1.6732      -1.6211      -1.5727      -1.5276      -1.4853      -1.4457
     -0.9509      -1.5035      -1.9889      -2.4359      -2.8563      -3.2567      19.5710      45.6401      22.5520      -3.4088      -3.1787      -2.9819      -2.8114      -2.6620      -2.5299      -2.4122      -2.3065      -2.2110      -2.1243      -2.0451      -1.9724      -1.9056      -1.8437      -1.7864      -1.7331      -1.6833      -1.6368      -1.5931
     -0.8726      -1.3797      -1.8251      -2.2353      -2.6211      -2.9886      -3.3413      22.5520      51.6586      25.5384      -3.4640      -3.2495      -3.0636      -2.9009      -2.7569      -2.6286      -2.5134      -2.4094      -2.3149      -2.2286      -2.1494      -2.0765      -2.0092      -1.9467      -1.8886      -1.8343      -1.7836      -1.7360
     -0.8079      -1.2773      -1.6897      -2.0695      -2.4267      -2.7669      -3.0935      -3.4088      25.5384      57.6770      28.5290      -3.5098      -3.3091      -3.1333      -2.9778      -2.8392      -2.7148      -2.6024      -2.5003      -2.4071      -2.3216      -2.2429      -2.1702      -2.1027      -2.0399      -1.9813      -1.9265      -1.8751
     -0.7533      -1.1911      -1.5757      -1.9298      -2.2629      -2.5801      -2.8847      -3.1787      -3.4640      28.5290      63.6955      31.5225      -3.5486      -3.3601      -3.1933      -3.0447      -2.9113      -2.7908      -2.6813      -2.5814      -2.4897      -2.4053      -2.3272      -2.2549      -2.1875      -2.1247      -2.0660      -2.0109
     -0.7067      -1.1174      -1.4781      -1.8103      -2.1228      -2.4204      -2.7061      -2.9819      -3.2495      -3.5098      31.5225      69.7140      34.5185      -3.5818      -3.4041      -3.2457      -3.1035      -2.9750      -2.8583      -2.7517      -2.6540      -2.5640      -2.4808      -2.4037      -2.3319      -2.2650      -2.2023      -2.1436
     -0.6663      -1.0535      -1.3936      -1.7068      -2.0014      -2.2819      -2.5513      -2.8114      -3.0636      -3.3091      -3.5486      34.5185      75.7325      37.5163      -3.6106      -3.4426      -3.2917      -3.1555      -3.0317      -2.9187      -2.8150      -2.7196      -2.6313      -2.5495      -2.4734      -2.4024      -2.3359      -2.2736
     -0.6309      -0.9975      -1.3195      -1.6161      -1.8951      -2.1607      -2.4157      -2.6620      -2.9009      -3.1333      -3.3601      -3.5818      37.5163      81.7509      40.5156      -3.6358      -3.4765      -3.3325      -3.2018      -3.0824      -2.9730      -2.8722      -2.7790      -2.6926      -2.6122      -2.5372      -2.4670      -2.4012
     -0.5996      -0.9480      -1.2541      -1.5359      -1.8010      -2.0535      -2.2959      -2.5299      -2.7569      -2.9778      -3.1933      -3.4041      -3.6106      40.5156      87.7694      43.5161      -3.6580      -3.5065      -3.3690      -3.2434      -3.1282      -3.0221      -2.9241      -2.8332      -2.7486      -2.6696      -2.5958      -2.5266
     -0.5717      -0.9039      -1.1957      -1.4644      -1.7172      -1.9579      -2.1890      -2.4122      -2.6286      -2.8392      -3.0447      -3.2457      -3.4426      -3.6358      43.5161      93.7879      46.5177      -3.6777      -3.5334      -3.4017      -3.2809      -3.1696      -3.0668      -2.9714      -2.8827      -2.7999      -2.7225      -2.6499
     -0.5466      -0.8643      -1.1433      -1.4003      -1.6420      -1.8721      -2.0931      -2.3065      -2.5134      -2.7148      -2.9113      -3.1035      -3.2917      -3.4765      -3.6580      46.5177      99.8064      49.5200      -3.6953      -3.5576      -3.4312      -3.3149      -3.2073      -3.1076      -3.0148      -2.9282      -2.8473      -2.7713
     -0.5240      -0.8285      -1.0960      -1.3423      -1.5740      -1.7946      -2.0065      -2.2110      -2.4094      -2.6024      -2.7908      -2.9750      -3.1555      -3.3325      -3.5065      -3.6777      49.5200     105.8248      52.5231      -3.7112      -3.5794      -3.4580      -3.3458      -3.2418      -3.1450      -3.0547      -2.9702      -2.8910
     -0.5034      -0.7960      -1.0530      -1.2896      -1.5122      -1.7242      -1.9277      -2.1243      -2.3149      -2.5003      -2.6813      -2.8583      -3.0317      -3.2018      -3.3690      -3.5334      -3.6953      52.5231     111.8433      55.5268      -3.7256      -3.5992      -3.4825      -3.3742      -3.2734      -3.1794      -3.0915      -3.0091
     -0.4847      -0.7663      -1.0137      -1.2416      -1.4559      -1.6599      -1.8559      -2.0451      -2.2286      -2.4071      -2.5814      -2.7517      -2.9187      -3.0824      -3.2434      -3.4017      -3.5576      -3.7112      55.5268     117.8618      58.5310      -3.7386      -3.6173      -3.5048      -3.4002      -3.3026      -3.2112      -3.1256
     -0.4674      -0.7391      -0.9777      -1.1975      -1.4042      -1.6010      -1.7900      -1.9724      -2.1494      -2.3216      -2.4897      -2.6540      -2.8150      -2.9730      -3.1282      -3.2809      -3.4312      -3.5794      -3.7256      58.5310     123.8802      61.5357      -3.7505      -3.6339      -3.5254      -3.4242      -3.3295      -3.2407
     -0.4516      -0.7140      -0.9446      -1.1569      -1.3566      -1.5467      -1.7293      -1.9056      -2.0765      -2.2429      -2.4053      -2.5640      -2.7196      -2.8722      -3.0221      -3.1696      -3.3149      -3.4580      -3.5992      -3.7386      61.5357     129.8987      64.5408      -3.7614      -3.6491      -3.5443      -3.4463      -3.3544
     -0.4369      -0.6909      -0.9139      -1.1193      -1.3125      -1.4965      -1.6732      -1.8437      -2.0092      -2.1702      -2.3272      -2.4808      -2.6313      -2.7790      -2.9241      -3.0668      -3.2073      -3.3458      -3.4825      -3.6173      -3.7505      64.5408     135.9172      67.5462      -3.7715      -3.6632      -3.5619      -3.4669
     -0.4234      -0.6694      -0.8855      -1.0845      -1.2717      -1.4500      -1.6211      -1.7864      -1.9467      -2.1027      -2.2549      -2.4037      -2.5495      -2.6926      -2.8332      -2.9714      -3.1076      -3.2418      -3.3742      -3.5048      -3.6339      -3.7614      67.5462     141.9357      70.5519      -3.7807      -3.6762      -3.5781
     -0.4107      -0.6494      -0.8591      -1.0522      -1.2338      -1.4067      -1.5727      -1.7331      -1.8886      -2.0399      -2.1875      -2.3319      -2.4734      -2.6122      -2.7486      -2.8827      -3.0148      -3.1450      -3.2734      -3.4002      -3.5254      -3.6491      -3.7715      70.5519     147.9541      73.5579      -3.7893      -3.6883
     -0.3989      -0.6308      -0.8344      -1.0219      -1.1983      -1.3663      -1.5276      -1.6833      -1.8343      -1.9813      -2.1247      -2.2650      -2.4024      -2.5372      -2.6696      -2.7999      -2.9282      -3.0547      -3.1794      -3.3026      -3.4242      -3.5443      -3.6632      -3.7807      73.5579     153.9726      76.5641      -3.7973
     -0.3879      -0.6133      -0.8113      -0.9937      -1.1652      -1.3285      -1.4853      -1.6368      -1.7836      -1.9265      -2.0660      -2.2023      -2.3359      -2.4670      -2.5958      -2.7225      -2.8473      -2.9702      -3.0915      -3.2112      -3.3295      -3.4463      -3.5619      -3.6762      -3.7893      76.5641     159.9911      79.5705
     -0.3775      -0.5970      -0.7897      -0.9672      -1.1341      -1.2931      -1.4457      -1.5931      -1.7360      -1.8751      -2.0109      -2.1436      -2.2736      -2.4012      -2.5266      -2.6499      -2.7713      -2.8910      -3.0091      -3.1256      -3.2407      -3.3544      -3.4669      -3.5781      -3.6883      -3.7973      79.5705     166.0096
