      5.7554       3.6400      -3.1447      -2.5676      -2.1897      -1.9205      -1.7177      -1.5588      -1.4305      -1.3243      -1.2350      -1.1585      -1.0922      -1.0342      -0.9829      -0.9371      -0.8961      -0.8590      -0.8253      -0.7945      -0.7663      -0.7403      -0.7163      -0.6940      -0.6733
      3.6400      15.6217       8.0798      -4.0598      -3.4622      -3.0365      -2.7160      -2.4647      -2.2618      -2.0940      -1.9526      -1.8317      -1.7270      -1.6352      -1.5541      -1.4818      -1.4168      -1.3582      -1.3049      -1.2562      -1.2116      -1.1706      -1.1326      -1.0974      -1.0646
     -3.1447       8.0798      25.4881      12.7551      -4.5800      -4.0170      -3.5929      -3.2605      -2.9920      -2.7701      -2.5831      -2.4232      -2.2846      -2.1632      -2.0559      -1.9602      -1.8743      -1.7967      -1.7262      -1.6619      -1.6028      -1.5485      -1.4983      -1.4517      -1.4083
     -2.5676      -4.0598      12.7551      35.3544      17.5293      -4.9197      -4.4004      -3.9933      -3.6645      -3.3926      -3.1636      -2.9678      -2.7980      -2.6494      -2.5179      -2.4007      -2.2955      -2.2005      -2.1142      -2.0354      -1.9631      -1.8965      -1.8350      -1.7779      -1.7248
     -2.1897      -3.4622      -4.5800      17.5293      45.2208      22.3545      -5.1599      -4.6825      -4.2970      -3.9782      -3.7097      -3.4800      -3.2810      -3.1066      -2.9525      -2.8151      -2.6917      -2.5803      -2.4791      -2.3867      -2.3019      -2.2239      -2.1517      -2.0848      -2.0226
     -1.9205      -3.0365      -4.0170      -4.9197      22.3545      55.0871      27.2096      -5.3389      -4.8993      -4.5359      -4.2297      -3.9678      -3.7409      -3.5421      -3.3664      -3.2097      -3.0691      -2.9420      -2.8266      -2.7212      -2.6246      -2.5356      -2.4533      -2.3770      -2.3061
     -1.7177      -2.7160      -3.5929      -4.4004      -5.1599      27.2096      64.9535      32.0836      -5.4776      -5.0712      -4.7290      -4.4362      -4.1825      -3.9602      -3.7637      -3.5886      -3.4313      -3.2893      -3.1602      -3.0424      -2.9344      -2.8349      -2.7429      -2.6576      -2.5783
     -1.5588      -2.4647      -3.2605      -3.9933      -4.6825      -5.3389      32.0836      74.8198      36.9704      -5.5882      -5.2111      -4.8884      -4.6088      -4.3639      -4.1474      -3.9544      -3.7811      -3.6246      -3.4824      -3.3526      -3.2335      -3.1239      -3.0225      -2.9285      -2.8411
     -1.4305      -2.2618      -2.9920      -3.6645      -4.2970      -4.8993      -5.4776      36.9704      84.6862      41.8663      -5.6786      -5.3270      -5.0224      -4.7555      -4.5195      -4.3092      -4.1204      -3.9498      -3.7949      -3.6534      -3.5236      -3.4042      -3.2937      -3.1913      -3.0960
     -1.3243      -2.0940      -2.7701      -3.3926      -3.9782      -4.5359      -5.0712      -5.5882      41.8663      94.5525      46.7688      -5.7538      -5.4248      -5.1365      -4.8817      -4.6545      -4.4505      -4.2663      -4.0989      -3.9461      -3.8060      -3.6769      -3.5576      -3.4470      -3.3441
     -1.2350      -1.9526      -2.5831      -3.1636      -3.7097      -4.2297      -4.7290      -5.2111      -5.6786      46.7688     104.4189      51.6763      -5.8174      -5.5083      -5.2350      -4.9914      -4.7727      -4.5751      -4.3956      -4.2317      -4.0814      -3.9431      -3.8151      -3.6965      -3.5861
     -1.1585      -1.8317      -2.4232      -2.9678      -3.4800      -3.9678      -4.4362      -4.8884      -5.3270      -5.7538      51.6763     114.2852      56.5877      -5.8719      -5.5805      -5.3208      -5.0877      -4.8771      -4.6857      -4.5110      -4.3508      -4.2033      -4.0669      -3.9405      -3.8228
     -1.0922      -1.7270      -2.2846      -2.7980      -3.2810      -3.7409      -4.1825      -4.6088      -5.0224      -5.4248      -5.8174      56.5877     124.1516      61.5021      -5.9190      -5.6436      -5.3963      -5.1729      -4.9700      -4.7847      -4.6148      -4.4583      -4.3136      -4.1795      -4.0547
     -1.0342      -1.6352      -2.1632      -2.6494      -3.1066      -3.5421      -3.9602      -4.3639      -4.7555      -5.1365      -5.5083      -5.8719      61.5021     134.0179      66.4190      -5.9603      -5.6991      -5.4632      -5.2489      -5.0532      -4.8737      -4.7085      -4.5557      -4.4141      -4.2823
     -0.9829      -1.5541      -2.0559      -2.5179      -2.9525      -3.3664      -3.7637      -4.1474      -4.5195      -4.8817      -5.2350      -5.5805      -5.9190      66.4190     143.8843      71.3379      -5.9967      -5.7484      -5.5229      -5.3170      -5.1282      -4.9543      -4.7936      -4.6445      -4.5058
     -0.9371      -1.4818      -1.9602      -2.4007      -2.8151      -3.2097      -3.5886      -3.9544      -4.3092      -4.6545      -4.9914      -5.3208      -5.6436      -5.9603      71.3379     153.7506      76.2584      -6.0290      -5.7925      -5.5765      -5.3785      -5.1961      -5.0275      -4.8712      -4.7258
     -0.8961      -1.4168      -1.8743      -2.2955      -2.6917      -3.0691      -3.4313      -3.7811      -4.1204      -4.4505      -4.7727      -5.0877      -5.3963      -5.6991      -5.9967      76.2584     163.6170      81.1804      -6.0579      -5.8321      -5.6249      -5.4342      -5.2579      -5.0944      -4.9423
     -0.8590      -1.3582      -1.7967      -2.2005      -2.5803      -2.9420      -3.2893      -3.6246      -3.9498      -4.2663      -4.5751      -4.8771      -5.1729      -5.4632      -5.7484      -6.0290      81.1804     173.4833      86.1035      -6.0839      -5.8679      -5.6689      -5.4850      -5.3144      -5.1558
     -0.8253      -1.3049      -1.7262      -2.1142      -2.4791      -2.8266      -3.1602      -3.4824      -3.7949      -4.0989      -4.3956      -4.6857      -4.9700      -5.2489      -5.5229      -5.7925      -6.0579      86.1035     183.3497      91.0276      -6.1075      -5.9004      -5.7090      -5.5314      -5.3663
     -0.7945      -1.2562      -1.6619      -2.0354      -2.3867      -2.7212      -3.0424      -3.3526      -3.6534      -3.9461      -4.2317      -4.5110      -4.7847      -5.0532      -5.3170      -5.5765      -5.8321      -6.0839      91.0276     193.2160      95.9525      -6.1289      -5.9300      -5.7456      -5.5741
     -0.7663      -1.2116      -1.6028      -1.9631      -2.3019      -2.6246      -2.9344      -3.2335      -3.5236      -3.8060      -4.0814      -4.3508      -4.6148      -4.8737      -5.1282      -5.3785      -5.6249      -5.8679      -6.1075      95.9525     203.0824     100.8782      -6.1484      -5.9573      -5.7792
     -0.7403      -1.1706      -1.5485      -1.8965      -2.2239      -2.5356      -2.8349      -3.1239      -3.4042      -3.6769      -3.9431      -4.2033      -4.4583      -4.7085      -4.9543      -5.1961      -5.4342      -5.6689      -5.9004      -6.1289     100.8782     212.9487     105.8045      -6.1661      -5.9826
     -0.7163      -1.1326      -1.4983      -1.8350      -2.1517      -2.4533      -2.7429      -3.0225      -3.2937      -3.5576      -3.8151      -4.0669      -4.3136      -4.5557      -4.7936      -5.0275      -5.2579      -5.4850      -5.7090      -5.9300      -6.1484     105.8045     222.8152     110.7310      -6.1815
     -0.6940      -1.0974      -1.4517      -1.7779      -2.0848      -2.3770      -2.6576      -2.9285      -3.1913      -3.4470      -3.6965      -3.9405      -4.1795      -4.4141      -4.6445      -4.8712      -5.0944      -5.3144      -5.5314      -5.7456      -5.9573      -6.1661     110.7310     232.6826     115.6559
     -0.6733      -1.0646      -1.4083      -1.7248      -2.0226      -2.3061      -2.5783      -2.8411      -3.0960      -3.3441      -3.5861      -3.8228      -4.0547      -4.2823      -4.5058      -4.7258      -4.9423      -5.1558      -5.3663      -5.5741      -5.7792      -5.9826      -6.1815     115.6559     242.5542
