      1.7266       1.0920      -0.9434      -0.7703      -0.6569      -0.5761      -0.5153      -0.4676      -0.4291      -0.3973      -0.3705      -0.3475      -0.3277      -0.3103      -0.2949      -0.2811      -0.2688      -0.2577      -0.2476      -0.2384      -0.2299      -0.2221      -0.2149      -0.2082      -0.2020
      1.0920       4.6865       2.4239      -1.2179      -1.0387      -0.9110      -0.8148      -0.7394      -0.6785      -0.6282      -0.5858      -0.5495      -0.5181      -0.4906      -0.4662      -0.4445      -0.4250      -0.4075      -0.3915      -0.3769      -0.3635      -0.3512      -0.3398      -0.3292      -0.3194
     -0.9434       2.4239       7.6464       3.8265      -1.3740      -1.2051      -1.0779      -0.9781      -0.8976      -0.8310      -0.7749      -0.7270      -0.6854      -0.6490      -0.6168      -0.5881      -0.5623      -0.5390      -0.5179      -0.4986      -0.4809      -0.4645      -0.4495      -0.4355      -0.4225
     -0.7703      -1.2179       3.8265      10.6063       5.2588      -1.4759      -1.3201      -1.1980      -1.0993      -1.0178      -0.9491      -0.8903      -0.8394      -0.7948      -0.7554      -0.7202      -0.6887      -0.6602      -0.6343      -0.6106      -0.5889      -0.5690      -0.5505      -0.5334      -0.5175
     -0.6569      -1.0387      -1.3740       5.2588      13.5662       6.7064      -1.5480      -1.4048      -1.2891      -1.1935      -1.1129      -1.0440      -0.9843      -0.9320      -0.8858      -0.8445      -0.8075      -0.7741      -0.7437      -0.7160      -0.6906      -0.6672      -0.6455      -0.6254      -0.6068
     -0.5761      -0.9110      -1.2051      -1.4759       6.7064      16.5261       8.1629      -1.6017      -1.4698      -1.3608      -1.2689      -1.1903      -1.1223      -1.0626      -1.0099      -0.9629      -0.9207      -0.8826      -0.8480      -0.8164      -0.7874      -0.7607      -0.7360      -0.7131      -0.6918
     -0.5153      -0.8148      -1.0779      -1.3201      -1.5480       8.1629      19.4860       9.6251      -1.6433      -1.5214      -1.4187      -1.3308      -1.2547      -1.1881      -1.1291      -1.0766      -1.0294      -0.9868      -0.9481      -0.9127      -0.8803      -0.8505      -0.8229      -0.7973      -0.7735
     -0.4676      -0.7394      -0.9781      -1.1980      -1.4048      -1.6017       9.6251      22.4459      11.0911      -1.6765      -1.5633      -1.4665      -1.3827      -1.3092      -1.2442      -1.1863      -1.1343      -1.0874      -1.0447      -1.0058      -0.9701      -0.9372      -0.9068      -0.8786      -0.8523
     -0.4291      -0.6785      -0.8976      -1.0993      -1.2891      -1.4698      -1.6433      11.0911      25.4059      12.5599      -1.7036      -1.5981      -1.5067      -1.4266      -1.3559      -1.2928      -1.2361      -1.1849      -1.1385      -1.0960      -1.0571      -1.0212      -0.9881      -0.9574      -0.9288
     -0.3973      -0.6282      -0.8310      -1.0178      -1.1935      -1.3608      -1.5214      -1.6765      12.5599      28.3658      14.0306      -1.7262      -1.6274      -1.5410      -1.4645      -1.3963      -1.3352      -1.2799      -1.2297      -1.1838      -1.1418      -1.1031      -1.0673      -1.0341      -1.0032
     -0.3705      -0.5858      -0.7749      -0.9491      -1.1129      -1.2689      -1.4187      -1.5633      -1.7036      14.0306      31.3257      15.5029      -1.7452      -1.6525      -1.5705      -1.4974      -1.4318      -1.3725      -1.3187      -1.2695      -1.2244      -1.1829      -1.1445      -1.1089      -1.0758
     -0.3475      -0.5495      -0.7270      -0.8903      -1.0440      -1.1903      -1.3308      -1.4665      -1.5981      -1.7262      15.5029      34.2856      16.9763      -1.7616      -1.6742      -1.5962      -1.5263      -1.4631      -1.4057      -1.3533      -1.3053      -1.2610      -1.2201      -1.1821      -1.1468
     -0.3277      -0.5181      -0.6854      -0.8394      -0.9843      -1.1223      -1.2547      -1.3827      -1.5067      -1.6274      -1.7452      16.9763      37.2455      18.4506      -1.7757      -1.6931      -1.6189      -1.5519      -1.4910      -1.4354      -1.3844      -1.3375      -1.2941      -1.2539      -1.2164
     -0.3103      -0.4906      -0.6490      -0.7948      -0.9320      -1.0626      -1.1881      -1.3092      -1.4266      -1.5410      -1.6525      -1.7616      18.4506      40.2054      19.9257      -1.7881      -1.7097      -1.6390      -1.5747      -1.5160      -1.4621      -1.4125      -1.3667      -1.3242      -1.2847
     -0.2949      -0.4662      -0.6168      -0.7554      -0.8858      -1.0099      -1.1291      -1.2442      -1.3559      -1.4645      -1.5705      -1.6742      -1.7757      19.9257      43.1653      21.4014      -1.7990      -1.7245      -1.6569      -1.5951      -1.5385      -1.4863      -1.4381      -1.3934      -1.3518
     -0.2811      -0.4445      -0.5881      -0.7202      -0.8445      -0.9629      -1.0766      -1.1863      -1.2928      -1.3963      -1.4974      -1.5962      -1.6931      -1.7881      21.4014      46.1252      22.8775      -1.8087      -1.7377      -1.6730      -1.6135      -1.5588      -1.5083      -1.4614      -1.4177
     -0.2688      -0.4250      -0.5623      -0.6887      -0.8075      -0.9207      -1.0294      -1.1343      -1.2361      -1.3352      -1.4318      -1.5263      -1.6189      -1.7097      -1.7990      22.8775      49.0851      24.3541      -1.8174      -1.7496      -1.6875      -1.6303      -1.5774      -1.5283      -1.4827
     -0.2577      -0.4075      -0.5390      -0.6602      -0.7741      -0.8826      -0.9868      -1.0874      -1.1849      -1.2799      -1.3725      -1.4631      -1.5519      -1.6390      -1.7245      -1.8087      24.3541      52.0450      25.8310      -1.8252      -1.7604      -1.7007      -1.6455      -1.5943      -1.5467
     -0.2476      -0.3915      -0.5179      -0.6343      -0.7437      -0.8480      -0.9481      -1.0447      -1.1385      -1.2297      -1.3187      -1.4057      -1.4910      -1.5747      -1.6569      -1.7377      -1.8174      25.8310      55.0049      27.3083      -1.8322      -1.7701      -1.7127      -1.6594      -1.6099
     -0.2384      -0.3769      -0.4986      -0.6106      -0.7160      -0.8164      -0.9127      -1.0058      -1.0960      -1.1838      -1.2695      -1.3533      -1.4354      -1.5160      -1.5951      -1.6730      -1.7496      -1.8252      27.3083      57.9648      28.7858      -1.8387      -1.7790      -1.7237      -1.6722
     -0.2299      -0.3635      -0.4809      -0.5889      -0.6906      -0.7874      -0.8803      -0.9701      -1.0571      -1.1418      -1.2244      -1.3053      -1.3844      -1.4621      -1.5385      -1.6135      -1.6875      -1.7604      -1.8322      28.7858      60.9247      30.2635      -1.8445      -1.7872      -1.7338
     -0.2221      -0.3512      -0.4645      -0.5690      -0.6672      -0.7607      -0.8505      -0.9372      -1.0212      -1.1031      -1.1829      -1.2610      -1.3375      -1.4125      -1.4863      -1.5588      -1.6303      -1.7007      -1.7701      -1.8387      30.2635      63.8846      31.7414      -1.8499      -1.7947
     -0.2149      -0.3398      -0.4495      -0.5505      -0.6455      -0.7360      -0.8229      -0.9068      -0.9881      -1.0673      -1.1445      -1.2201      -1.2941      -1.3667      -1.4381      -1.5083      -1.5774      -1.6455      -1.7127      -1.7790      -1.8445      31.7414      66.8445      33.2194      -1.8548
     -0.2082      -0.3292      -0.4355      -0.5334      -0.6254      -0.7131      -0.7973      -0.8786      -0.9574      -1.0341      -1.1089      -1.1821      -1.2539      -1.3242      -1.3934      -1.4614      -1.5283      -1.5943      -1.6594      -1.7237      -1.7872      -1.8499      33.2194      69.8044      34.6976
     -0.2020      -0.3194      -0.4225      -0.5175      -0.6068      -0.6918      -0.7735      -0.8523      -0.9288      -1.0032      -1.0758      -1.1468      -1.2164      -1.2847      -1.3518      -1.4177      -1.4827      -1.5467      -1.6099      -1.6722      -1.7338      -1.7947      -1.8548      34.6976      72.7643
