   -409.7110    -522.4002    -556.5268    -539.7646    -499.9410    -448.8357    -393.6427    -338.7529    -286.7678    -239.1235    -196.4955    -159.0680    -126.7157     -99.1275     -75.8905     -56.5463     -40.6275     -27.6820     -17.2866      -9.0550      -2.6413       2.2599       5.9144       8.5516      10.3671
   -522.4002    -565.9883    -604.2227    -597.6952    -551.9929    -493.5443    -430.5529    -368.0305    -308.9410    -254.9130    -206.7042    -164.5106    -128.1752     -97.3301     -71.4919     -50.1267     -32.6912     -18.6604      -7.5434       1.1076       7.6938      12.5690      16.0412      18.3760      19.7996
   -556.5268    -604.2227    -515.2879    -509.5327    -484.3264    -429.5575    -370.8791    -312.9028    -258.3522    -208.7125    -164.6590    -126.3437     -93.5918     -66.0334     -43.1942     -24.5550      -9.5913       2.2019      11.2954      18.1173      23.0503      26.4312      28.5524      29.6653      29.9834
   -539.7646    -597.6952    -509.5327    -356.1780    -337.3903    -314.2741    -265.3731    -217.5246    -172.9035    -132.6770     -97.3489     -66.9940     -41.4195     -20.2752      -3.1282      10.4867      21.0346      28.9594      34.6727      38.5465      40.9115      42.0572      42.2336      41.6544      40.4998
   -499.9410    -551.9929    -484.3264    -337.3903    -162.5134    -150.1182    -141.1512    -105.5936     -73.0452     -44.2642     -19.5330       1.1741      18.0733      31.4910      41.8076      49.4207      54.7204      58.0746      59.8201      60.2588      59.6562      58.2425      56.2143      53.7377      50.9512
   -448.8357    -493.5443    -429.5575    -314.2741    -150.1182      22.3756      18.9701       8.9159      29.0982      46.1129      59.9250      70.6767      78.6173      84.0535      87.3146      88.7300      88.6136      87.2548      84.9139      81.8201      78.1715      74.1369      69.8576      65.4503      61.0096
   -393.6427    -430.5529    -370.8791    -265.3731    -141.1512      18.9701     177.8612     155.7604     126.2833     132.1931     135.6579     136.9473     136.3537     134.1733     130.6927     126.1796     120.8777     115.0033     108.7448     102.2629      95.6921      89.1430      82.7042      76.4455      70.4198
   -338.7529    -368.0305    -312.9028    -217.5246    -105.5936       8.9159     155.7604     297.4627     257.3617     210.3557     204.5371     197.3010     188.9925     179.9087     170.3043     160.3969     150.3695     140.3746     130.5368     120.9558     111.7091     102.8548      94.4346      86.4757      78.9934
   -286.7678    -308.9410    -258.3522    -172.9035     -73.0452      29.0982     126.2833     257.3617     382.4394     326.6674     264.9099     250.3031     235.2956     220.1963     205.2408     190.6086     176.4345     162.8177     149.8291     137.5162     125.9074     115.0159     104.8421      95.3765      86.6019
   -239.1235    -254.9130    -208.7125    -132.6770     -44.2642      46.1129     132.1931     210.3557     326.6674     437.6449     369.0070     295.3554     274.7344     254.5717     235.0957     216.4604     198.7645     182.0660     166.3922     151.7479     138.1208     125.4862     113.8103     103.0525      93.1680
   -196.4955    -206.7042    -164.6590     -97.3489     -19.5330      59.9250     135.6579     204.5371     264.9099     369.0070     469.0919     390.2605     307.2544     282.9744     259.8052     237.8872     217.2949     198.0560     180.1649     163.5928     148.2951     134.2164     121.2950     109.4647      98.6582
   -159.0680    -164.5106    -126.3437     -66.9940       1.1741      70.6767     136.9473     197.3010     250.3031     295.3554     390.2605     482.6563     395.8994     305.6098     279.5342     255.0200     232.1281     210.8663     191.2060     173.0937     156.4601     141.2262     127.3081     114.6196     103.0751
   -126.7157    -128.1752     -93.5918     -41.4195      18.0733      78.6173     136.3537     188.9925     235.2956     274.7344     307.2544     395.8994     483.4789     390.5813     294.5931     268.1161     243.4763     220.6710     199.6569     180.3642     162.7061     146.5864     131.9045     118.5591     106.4504
    -99.1275     -97.3301     -66.0334     -20.2752      31.4910      84.0535     134.1733     179.9087     220.1963     254.5717     282.9744     305.6098     390.5813     475.7649     378.0488     277.5091     251.6195     227.7038     205.7120     185.5648     167.1646     150.4039     135.1704     121.3520     108.8385
    -75.8905     -71.4919     -43.1942      -3.1282      41.8076      87.3146     130.6927     170.3043     205.2408     235.0957     259.8052     279.5342     294.5931     378.0488     462.7933     361.1821     256.8740     232.2322     209.5966     188.8846     169.9935     152.8094     137.2134     123.0861     110.3104
    -56.5463     -50.1267     -24.5550      10.4867      49.4207      88.7300     126.1796     160.3969     190.6086     216.4604     237.8872     255.0200     268.1161     277.5091     361.1821     447.0230     342.1182     234.5377     211.5500     190.5265     171.3643     153.9474     138.1541     123.8615     110.9488
    -40.6275     -32.6912      -9.5913      21.0346      54.7204      88.6136     120.8777     150.3695     176.4345     198.7645     217.2949     232.1281     243.4763     251.6195     256.8740     342.1182     430.2320     322.3875     211.8135     190.6970     171.4530     153.9675     138.1194     123.7852     110.8431
    -27.6820     -18.6604       2.2019      28.9594      58.0746      87.2548     115.0033     140.3746     162.8177     182.0660     198.0560     210.8663     220.6710     227.7038     232.2322     234.5377     322.3875     413.6578     303.0443     189.5977     170.4332     153.0188     137.2368     122.9659     110.0856
    -17.2866      -7.5434      11.2954      34.6727      59.8201      84.9139     108.7448     130.5368     149.8291     166.3922     180.1649     191.2060     199.6569     205.7120     209.5966     211.5500     211.8135     303.0443     398.1223     284.7802     168.4709     151.2450     135.6306     121.5107     108.7682
     -9.0550       1.1076      18.1173      38.5465      60.2588      81.8201     102.2629     120.9558     137.5162     151.7479     163.5928     173.0937     180.3642     185.5648     188.8846     190.5265     190.6970     189.5977     284.7802     384.1366     268.0176     148.7811     133.4183     119.5220     106.9796
     -2.6413       7.6938      23.0503      40.9115      59.6562      78.1715      95.6921     111.7091     125.9074     138.1208     148.2951     156.4601     162.7061     167.1646     169.9935     171.3643     171.4530     170.4332     168.4709     268.0176     371.9860     252.9842     130.7090     117.0950     104.8037
      2.2599      12.5690      26.4312      42.0572      58.2425      74.1369      89.1430     102.8548     115.0159     125.4862     134.2164     141.2262     146.5864     150.4039     152.8094     153.9474     153.9675     153.0188     151.2450     148.7811     252.9842     361.7950     239.7703     114.3177     102.3168
      5.9144      16.0412      28.5524      42.2336      56.2143      69.8576      82.7042      94.4346     104.8421     113.8103     121.2950     127.3081     131.9045     135.1704     137.2134     138.1541     138.1194     137.2368     135.6306     133.4183     130.7090     239.7703     353.5778     228.3719      99.5916
      8.5516      18.3760      29.6653      41.6544      53.7377      65.4503      76.4455      86.4757      95.3765     103.0525     109.4647     114.6196     118.5591     121.3520     123.0861     123.8615     123.7852     122.9659     121.5107     119.5220     117.0950     114.3177     228.3719     347.2758     218.7222
     10.3671      19.7996      29.9834      40.4998      50.9512      61.0096      70.4198      78.9934      86.6019      93.1680      98.6582     103.0751     106.4504     108.8385     110.3104     110.9488     110.8431     110.0856     108.7682     106.9796     104.8037     102.3168      99.5916     218.7222     342.7874
