     -1.0040       0.8066      -0.1203      -0.1085       0.3528       0.0913       0.1281       0.0334       0.0342       0.0087       0.0082       0.0020       0.0019       0.0004       0.0004       0.0001       0.0001       0.0000       0.0000       0.0000       0.0000       0.0000       0.0000       0.0000       0.0000       0.0000       0.0000       0.0000
      0.8066       6.9008       4.4691      -1.2534      -0.1000       0.1734       0.2171       0.1493       0.0976       0.0542       0.0307       0.0158       0.0084       0.0042       0.0022       0.0010       0.0005       0.0003       0.0001       0.0001       0.0000       0.0000       0.0000       0.0000       0.0000       0.0000       0.0000       0.0000
     -0.1203       4.4691      14.4706       7.5738      -1.5612      -0.4109       0.0764       0.2013       0.1852       0.1331       0.0852       0.0510       0.0292       0.0162       0.0088       0.0047       0.0024       0.0013       0.0007       0.0003       0.0002       0.0001       0.0000       0.0000       0.0000       0.0000       0.0000       0.0000
     -0.1085      -1.2534       7.5738      21.1327      10.8917      -1.7839      -0.6259      -0.0678       0.1606       0.1898       0.1592       0.1113       0.0725       0.0441       0.0261       0.0149       0.0083       0.0046       0.0025       0.0013       0.0007       0.0004       0.0002       0.0001       0.0001       0.0000       0.0000       0.0000
      0.3528      -0.1000      -1.5612      10.8917      27.7388      14.0749      -1.8507      -0.8162      -0.1949       0.0927       0.1781       0.1709       0.1324       0.0921       0.0599       0.0372       0.0223       0.0131       0.0075       0.0042       0.0024       0.0013       0.0007       0.0004       0.0002       0.0001       0.0001       0.0000
      0.0913       0.1734      -0.4109      -1.7839      14.0749      34.0984      17.2839      -1.8927      -0.9466      -0.3168       0.0202       0.1507       0.1721       0.1464       0.1092       0.0751       0.0490       0.0307       0.0187       0.0112       0.0065       0.0038       0.0021       0.0012       0.0007       0.0004       0.0002       0.0001
      0.1281       0.2171       0.0764      -0.6259      -1.8507      17.2839      40.4040      20.4505      -1.8969      -1.0459      -0.4214      -0.0546       0.1148       0.1640       0.1540       0.1226       0.0889       0.0607       0.0397       0.0251       0.0155       0.0094       0.0056       0.0033       0.0019       0.0011       0.0006       0.0003
      0.0334       0.1493       0.2013      -0.0678      -0.8162      -1.8927      20.4505      46.6332      23.6052      -1.8892      -1.1166      -0.5121      -0.1262       0.0734       0.1489       0.1557       0.1324       0.1010       0.0719       0.0488       0.0320       0.0204       0.0127       0.0078       0.0047       0.0028       0.0016       0.0010
      0.0342       0.0976       0.1852       0.1606      -0.1949      -0.9466      -1.8969      23.6052      52.8308      26.7381      -1.8699      -1.1688      -0.5884      -0.1936       0.0297       0.1285       0.1522       0.1385       0.1109       0.0823       0.0579       0.0391       0.0257       0.0164       0.0103       0.0064       0.0039       0.0023
      0.0087       0.0542       0.1331       0.1898       0.0927      -0.3168      -1.0459      -1.8892      26.7381      58.9966      29.8579      -1.8457      -1.2061      -0.6528      -0.2554      -0.0146       0.1045       0.1445       0.1411       0.1187       0.0915       0.0665       0.0463       0.0313       0.0205       0.0132       0.0084       0.0052
      0.0082       0.0307       0.0852       0.1592       0.1781       0.0202      -0.4214      -1.1166      -1.8699      29.8579      65.1426      32.9644      -1.8181      -1.2327      -0.7068      -0.3118      -0.0582       0.0782       0.1335       0.1407       0.1242       0.0994       0.0746       0.0535       0.0370       0.0249       0.0164       0.0106
      0.0020       0.0158       0.0510       0.1113       0.1709       0.1507      -0.0546      -0.5121      -1.1688      -1.8457      32.9644      71.2714      36.0609      -1.7890      -1.2510      -0.7522      -0.3626      -0.1003       0.0505       0.1198       0.1375       0.1275       0.1059       0.0819       0.0603       0.0428       0.0295       0.0198
      0.0019       0.0084       0.0292       0.0725       0.1324       0.1721       0.1148      -0.1262      -0.5884      -1.2061      -1.8181      36.0609      77.3873      39.1486      -1.7592      -1.2631      -0.7901      -0.4083      -0.1405       0.0222       0.1041       0.1321       0.1289       0.1110       0.0885       0.0668       0.0485       0.0342
      0.0004       0.0042       0.0162       0.0441       0.0921       0.1464       0.1640       0.0734      -0.1936      -0.6528      -1.2327      -1.7890      39.1486      83.4922      42.2290      -1.7295      -1.2703      -0.8219      -0.4493      -0.1785      -0.0061       0.0870       0.1247       0.1285       0.1147       0.0941       0.0729       0.0541
      0.0004       0.0022       0.0088       0.0261       0.0599       0.1092       0.1540       0.1489       0.0297      -0.2554      -0.7068      -1.2510      -1.7592      42.2290      89.5884      45.3031      -1.7003      -1.2737      -0.8484      -0.4859      -0.2141      -0.0342       0.0688       0.1157       0.1265       0.1172       0.0989       0.0784
      0.0001       0.0010       0.0047       0.0149       0.0372       0.0751       0.1226       0.1557       0.1285      -0.0146      -0.3118      -0.7522      -1.2631      -1.7295      45.3031      95.6770      48.3718      -1.6717      -1.2743      -0.8706      -0.5186      -0.2474      -0.0616       0.0500       0.1054       0.1230       0.1183       0.1027
      0.0001       0.0005       0.0024       0.0083       0.0223       0.0490       0.0889       0.1324       0.1522       0.1045      -0.0582      -0.3626      -0.7901      -1.2703      -1.7003      48.3718     101.7593      51.4357      -1.6439      -1.2725      -0.8890      -0.5478      -0.2784      -0.0882       0.0309       0.0940       0.1183       0.1184
      0.0000       0.0003       0.0013       0.0046       0.0131       0.0307       0.0607       0.1010       0.1385       0.1445       0.0782      -0.1003      -0.4083      -0.8219      -1.2737      -1.6717      51.4357     107.8361      54.4955      -1.6170      -1.2690      -0.9043      -0.5739      -0.3072      -0.1138       0.0116       0.0819       0.1124
      0.0000       0.0001       0.0007       0.0025       0.0075       0.0187       0.0397       0.0719       0.1109       0.1411       0.1335       0.0505      -0.1405      -0.4493      -0.8484      -1.2743      -1.6439      54.4955     113.9083      57.5516      -1.5910      -1.2641      -0.9169      -0.5971      -0.3339      -0.1383      -0.0076       0.0692
      0.0000       0.0001       0.0003       0.0013       0.0042       0.0112       0.0251       0.0488       0.0823       0.1187       0.1407       0.1198       0.0222      -0.1785      -0.4859      -0.8706      -1.2725      -1.6170      57.5516     119.9763      60.6046      -1.5660      -1.2582      -0.9273      -0.6179      -0.3586      -0.1618      -0.0265
      0.0000       0.0000       0.0002       0.0007       0.0024       0.0065       0.0155       0.0320       0.0579       0.0915       0.1242       0.1375       0.1041      -0.0061      -0.2141      -0.5186      -0.8890      -1.2690      -1.5910      60.6046     126.0408      63.6546      -1.5418      -1.2514      -0.9356      -0.6363      -0.3815      -0.1841
      0.0000       0.0000       0.0001       0.0004       0.0013       0.0038       0.0094       0.0204       0.0391       0.0665       0.0994       0.1275       0.1321       0.0870      -0.0342      -0.2474      -0.5478      -0.9043      -1.2641      -1.5660      63.6546     132.1020      66.7021      -1.5186      -1.2439      -0.9423      -0.6528      -0.4026
      0.0000       0.0000       0.0000       0.0002       0.0007       0.0021       0.0056       0.0127       0.0257       0.0463       0.0746       0.1059       0.1289       0.1247       0.0688      -0.0616      -0.2784      -0.5739      -0.9169      -1.2582      -1.5418      66.7021     138.1604      69.7472      -1.4962      -1.2360      -0.9475      -0.6675
      0.0000       0.0000       0.0000       0.0001       0.0004       0.0012       0.0033       0.0078       0.0164       0.0313       0.0535       0.0819       0.1110       0.1285       0.1157       0.0500      -0.0882      -0.3072      -0.5971      -0.9273      -1.2514      -1.5186      69.7472     144.2163      72.7903      -1.4747      -1.2277      -0.9515
      0.0000       0.0000       0.0000       0.0001       0.0002       0.0007       0.0019       0.0047       0.0103       0.0205       0.0370       0.0603       0.0885       0.1147       0.1265       0.1054       0.0309      -0.1138      -0.3339      -0.6179      -0.9356      -1.2439      -1.4962      72.7903     150.2699      75.8314      -1.4539      -1.2191
      0.0000       0.0000       0.0000       0.0000       0.0001       0.0004       0.0011       0.0028       0.0064       0.0132       0.0249       0.0428       0.0668       0.0941       0.1172       0.1230       0.0940       0.0116      -0.1383      -0.3586      -0.6363      -0.9423      -1.2360      -1.4747      75.8314     156.3214      78.8708      -1.4340
      0.0000       0.0000       0.0000       0.0000       0.0001       0.0002       0.0006       0.0016       0.0039       0.0084       0.0164       0.0295       0.0485       0.0729       0.0989       0.1183       0.1183       0.0819      -0.0076      -0.1618      -0.3815      -0.6528      -0.9475      -1.2277      -1.4539      78.8708     162.3711      81.9087
      0.0000       0.0000       0.0000       0.0000       0.0000       0.0001       0.0003       0.0010       0.0023       0.0052       0.0106       0.0198       0.0342       0.0541       0.0784       0.1027       0.1184       0.1124       0.0692      -0.0265      -0.1841      -0.4026      -0.6675      -0.9515      -1.2191      -1.4340      81.9087     168.4191
