    231.0813     259.7551     243.6723     213.4248     178.8661     145.6709     116.2656      91.4117      71.0402      54.7017      41.8095      31.7652      24.0195      18.0970      13.6009      10.2084       7.6622       5.7598       4.3440       3.2937       2.5164       1.9421       1.5181       1.2049       0.9729
    259.7551     261.6910     246.1075     212.8031     178.9075     146.1615     117.0227      92.2972      71.9584      55.5922      42.6379      32.5157      24.6885      18.6880      14.1215      10.6680       8.0704       6.1255       4.6751       3.5968       2.7970       2.2046       1.7658       1.4402       1.1978
    243.6723     246.1075     203.6183     176.4093     144.1616     118.1145      94.8358      75.0100      58.6486      45.4447      34.9663      26.7597      20.4009      15.5177      11.7961       8.9784       6.8571       5.2680       4.0824       3.2008       2.5466       2.0617       1.7020       1.4345       1.2343
    213.4248     212.8031     176.4093     132.3371     108.1793      83.1477      66.9155      53.0464      41.5707      32.2896      24.9120      19.1273      14.6420      11.1973       8.5733       6.5889       5.0976       3.9831       3.1542       2.5399       2.0858       1.7504       1.5022       1.3178       1.1794
    178.8661     178.9075     144.1616     108.1793      76.4536      58.5375      40.3664      32.0315      25.1261      19.5392      15.1005      11.6255       8.9383       6.8827       5.3251       4.1554       3.2839       2.6395       2.1661       1.8204       1.5688       1.3859       1.2527       1.1549       1.0818
    145.6709     146.1615     118.1145      83.1477      58.5375      40.8429      27.8736      14.1865      11.0836       8.5884       6.6236       5.1038       3.9472       3.0804       2.4407       1.9761       1.6441       1.4113       1.2513       1.1437       1.0730       1.0277       0.9990       0.9807       0.9683
    116.2656     117.0227      94.8358      66.9155      40.3664      27.8736      21.8063      11.5193      -0.0594      -0.1499      -0.1798      -0.1619      -0.1084      -0.0301       0.0637       0.1655       0.2695       0.3711       0.4672       0.5557       0.6350       0.7046       0.7641       0.8137       0.8538
     91.4117      92.2972      75.0100      53.0464      32.0315      14.1865      11.5193      14.0275       4.4914      -6.7367      -5.3387      -4.1796      -3.2230      -2.4358      -1.7888      -1.2574      -0.8211      -0.4630      -0.1692       0.0715       0.2683       0.4286       0.5585       0.6629       0.7459
     71.0402      71.9584      58.6486      41.5707      25.1261      11.0836      -0.0594       4.4914      13.0414       2.9458      -9.0468      -7.0869      -5.4931      -4.2026      -3.1609      -2.3213      -1.6453      -1.1010      -0.6628      -0.3100      -0.0261       0.2022       0.3854       0.5319       0.6483
     54.7017      55.5922      45.4447      32.2896      19.5392       8.5884      -0.1499      -6.7367       2.9458      15.7399       4.3157      -9.0689      -7.0536      -5.4284      -4.1225      -3.0755      -2.2370      -1.5659      -1.0287      -0.5984      -0.2537       0.0226       0.2439       0.4210       0.5622
     41.8095      42.6379      34.9663      24.9120      15.1005       6.6236      -0.1798      -5.3387      -9.0468       4.3157      20.1837       7.0395      -8.0452      -6.2167      -4.7493      -3.5747      -2.6357      -1.8855      -1.2860      -0.8066      -0.4228      -0.1153       0.1313       0.3292       0.4877
     31.7652      32.5157      26.7597      19.1273      11.6255       5.1038      -0.1619      -4.1796      -7.0869      -9.0689       7.0395      25.2631      10.2395      -6.6643      -5.1131      -3.8716      -2.8795      -2.0872      -1.4542      -0.9479      -0.5425      -0.2172       0.0441       0.2545       0.4240
     24.0195      24.6885      20.4009      14.6420       8.9383       3.9472      -0.1084      -3.2230      -5.4931      -7.0536      -8.0452      10.2395      30.3976      13.4640      -5.2766      -4.0130      -3.0030      -2.1961      -1.5513      -1.0353      -0.6216      -0.2892      -0.0213       0.1950       0.3701
     18.0970      18.6880      15.5177      11.1973       6.8827       3.0804      -0.0301      -2.4358      -4.2026      -5.4284      -6.2167      -6.6643      13.4640      35.3198      16.5083      -4.0384      -3.0355      -2.2340      -1.5931      -1.0799      -0.6680      -0.3363      -0.0685       0.1486       0.3252
     13.6009      14.1215      11.7961       8.5733       5.3251       2.4407       0.0637      -1.7888      -3.1609      -4.1225      -4.7493      -5.1131      -5.2766      16.5083      39.9346      19.3027      -3.0013      -2.2189      -1.5929      -1.0914      -0.6883      -0.3634      -0.1004       0.1136       0.2883
     10.2084      10.6680       8.9784       6.5889       4.1554       1.9761       0.1655      -1.2574      -2.3213      -3.0755      -3.5747      -3.8716      -4.0130      -4.0384      19.3027      44.2348      21.8445      -2.1652      -1.5615      -1.0775      -0.6884      -0.3743      -0.1195       0.0883       0.2587
      7.6622       8.0704       6.8571       5.0976       3.2839       1.6441       0.2695      -0.8211      -1.6453      -2.2370      -2.6357      -2.8795      -3.0030      -3.0355      -3.0013      21.8445      48.2523      24.1611      -1.5074      -1.0448      -0.6727      -0.3721      -0.1280       0.0716       0.2358
      5.7598       6.1255       5.2680       3.9831       2.6395       1.4113       0.3711      -0.4630      -1.1010      -1.5659      -1.8855      -2.0872      -2.1961      -2.2340      -2.2189      -2.1652      24.1611      52.0325      26.2895      -0.9981      -0.6449      -0.3596      -0.1276       0.0622       0.2189
      4.3440       4.6751       4.0824       3.1542       2.1661       1.2513       0.4672      -0.1692      -0.6628      -1.0287      -1.2860      -1.4542      -1.5513      -1.5931      -1.5929      -1.5615      -1.5074      26.2895      55.6214      28.2664      -0.6080      -0.3387      -0.1199       0.0595       0.2077
      3.2937       3.5968       3.2008       2.5399       1.8204       1.1437       0.5557       0.0715      -0.3100      -0.5984      -0.8066      -0.9479      -1.0353      -1.0799      -1.0914      -1.0775      -1.0448      -0.9981      28.2664      59.0600      30.1247      -0.3113      -0.1058       0.0625       0.2017
      2.5164       2.7970       2.5466       2.0858       1.5688       1.0730       0.6350       0.2683      -0.0261      -0.2537      -0.4228      -0.5425      -0.6216      -0.6680      -0.6883      -0.6884      -0.6727      -0.6449      -0.6080      30.1247      62.3825      31.8913      -0.0864       0.0707       0.2006
      1.9421       2.2046       2.0617       1.7504       1.3859       1.0277       0.7046       0.4286       0.2022       0.0226      -0.1153      -0.2172      -0.2892      -0.3363      -0.3634      -0.3743      -0.3721      -0.3596      -0.3387      -0.3113      31.8913      65.6163      33.5880       0.0835       0.2041
      1.5181       1.7658       1.7020       1.5022       1.2527       0.9990       0.7641       0.5585       0.3854       0.2439       0.1313       0.0441      -0.0213      -0.0685      -0.1004      -0.1195      -0.1280      -0.1276      -0.1199      -0.1058      -0.0864      33.5880      68.7828      35.2318       0.2119
      1.2049       1.4402       1.4345       1.3178       1.1549       0.9807       0.8137       0.6629       0.5319       0.4210       0.3292       0.2545       0.1950       0.1486       0.1136       0.0883       0.0716       0.0622       0.0595       0.0625       0.0707       0.0835      35.2318      71.8986      36.8355
      0.9729       1.1978       1.2343       1.1794       1.0818       0.9683       0.8538       0.7459       0.6483       0.5622       0.4877       0.4240       0.3701       0.3252       0.2883       0.2587       0.2358       0.2189       0.2077       0.2017       0.2006       0.2041       0.2119      36.8355      74.9763
