      5.5795      -5.1816       4.9052      -4.2991       3.6075      -2.9434       2.3550      -1.8570       1.4481      -1.1193       0.8590      -0.6553       0.4974      -0.3759       0.2830      -0.2124       0.1590      -0.1187       0.0884      -0.0657       0.0488      -0.0361       0.0267      -0.0197       0.0145
     -5.1816       6.8847      -5.5914       4.9186      -4.1425       3.3923      -2.7240       2.1558      -1.6872       1.3089      -1.0080       0.7717      -0.5878       0.4459      -0.3369       0.2538      -0.1906       0.1428      -0.1067       0.0796      -0.0593       0.0440      -0.0327       0.0242      -0.0179
      4.9052      -5.5914       6.3323      -4.7078       3.9794      -3.2706       2.6357      -2.0934       1.6442      -1.2800       0.9893      -0.7600       0.5809      -0.4421       0.3352      -0.2534       0.1909      -0.1435       0.1076      -0.0806       0.0602      -0.0449       0.0334      -0.0248       0.0184
     -4.2991       4.9186      -4.7078       5.1716      -3.5388       2.9189      -2.3606       1.8815      -1.4830       1.1585      -0.8984       0.6926      -0.5312       0.4057      -0.3086       0.2340      -0.1769       0.1334      -0.1004       0.0754      -0.0565       0.0423      -0.0316       0.0235      -0.0175
      3.6075      -4.1425       3.9794      -3.5388       4.0128      -2.4938       2.0239      -1.6187       1.2802      -1.0035       0.7809      -0.6040       0.4648      -0.3561       0.2718      -0.2068       0.1568      -0.1186       0.0896      -0.0674       0.0507      -0.0381       0.0285      -0.0213       0.0159
     -2.9434       3.3923      -3.2706       2.9189      -2.4938       3.0714      -1.6869       1.3538      -1.0743       0.8449      -0.6597       0.5119      -0.3952       0.3038      -0.2326       0.1775      -0.1350       0.1025      -0.0776       0.0586      -0.0442       0.0333      -0.0250       0.0188      -0.0141
      2.3550      -2.7240       2.6357      -2.3606       2.0239      -1.6869       2.3784      -1.1100       0.8838      -0.6974       0.5462      -0.4252       0.3293      -0.2539       0.1950      -0.1493       0.1139      -0.0867       0.0658      -0.0499       0.0377      -0.0285       0.0215      -0.0161       0.0121
     -1.8570       2.1558      -2.0934       1.8815      -1.6187       1.3538      -1.1100       1.8968      -0.7164       0.5671      -0.4456       0.3480      -0.2703       0.2091      -0.1611       0.1237      -0.0947       0.0723      -0.0550       0.0418      -0.0317       0.0240      -0.0181       0.0137      -0.0103
      1.4481      -1.6872       1.6442      -1.4830       1.2802      -1.0743       0.8838      -0.7164       1.5741      -0.4559       0.3594      -0.2815       0.2194      -0.1702       0.1315      -0.1012       0.0777      -0.0595       0.0454      -0.0346       0.0263      -0.0200       0.0151      -0.0115       0.0087
     -1.1193       1.3089      -1.2800       1.1585      -1.0035       0.8449      -0.6974       0.5671      -0.4559       1.3632      -0.2871       0.2256      -0.1763       0.1372      -0.1063       0.0821      -0.0632       0.0485      -0.0371       0.0284      -0.0216       0.0165      -0.0125       0.0095      -0.0072
      0.8590      -1.0080       0.9893      -0.8984       0.7809      -0.6597       0.5462      -0.4456       0.3594      -0.2871       1.2277      -0.1795       0.1407      -0.1097       0.0853      -0.0660       0.0510      -0.0392       0.0301      -0.0231       0.0176      -0.0135       0.0103      -0.0078       0.0059
     -0.6553       0.7717      -0.7600       0.6926      -0.6040       0.5119      -0.4252       0.3480      -0.2815       0.2256      -0.1795       1.1418      -0.1115       0.0872      -0.0680       0.0528      -0.0409       0.0315      -0.0243       0.0186      -0.0143       0.0109      -0.0083       0.0064      -0.0048
      0.4974      -0.5878       0.5809      -0.5312       0.4648      -0.3952       0.3293      -0.2703       0.2194      -0.1763       0.1407      -0.1115       1.0879      -0.0690       0.0539      -0.0420       0.0326      -0.0252       0.0194      -0.0150       0.0115      -0.0088       0.0067      -0.0052       0.0039
     -0.3759       0.4459      -0.4421       0.4057      -0.3561       0.3038      -0.2539       0.2091      -0.1702       0.1372      -0.1097       0.0872      -0.0690       1.0543      -0.0425       0.0332      -0.0258       0.0200      -0.0155       0.0120      -0.0092       0.0071      -0.0054       0.0042      -0.0032
      0.2830      -0.3369       0.3352      -0.3086       0.2718      -0.2326       0.1950      -0.1611       0.1315      -0.1063       0.0853      -0.0680       0.0539      -0.0425       1.0334      -0.0261       0.0204      -0.0158       0.0123      -0.0095       0.0073      -0.0057       0.0043      -0.0033       0.0026
     -0.2124       0.2538      -0.2534       0.2340      -0.2068       0.1775      -0.1493       0.1237      -0.1012       0.0821      -0.0660       0.0528      -0.0420       0.0332      -0.0261       1.0205      -0.0160       0.0125      -0.0097       0.0075      -0.0058       0.0045      -0.0035       0.0027      -0.0020
      0.1590      -0.1906       0.1909      -0.1769       0.1568      -0.1350       0.1139      -0.0947       0.0777      -0.0632       0.0510      -0.0409       0.0326      -0.0258       0.0204      -0.0160       1.0126      -0.0098       0.0077      -0.0059       0.0046      -0.0036       0.0028      -0.0021       0.0016
     -0.1187       0.1428      -0.1435       0.1334      -0.1186       0.1025      -0.0867       0.0723      -0.0595       0.0485      -0.0392       0.0315      -0.0252       0.0200      -0.0158       0.0125      -0.0098       1.0077      -0.0060       0.0047      -0.0036       0.0028      -0.0022       0.0017      -0.0013
      0.0884      -0.1067       0.1076      -0.1004       0.0896      -0.0776       0.0658      -0.0550       0.0454      -0.0371       0.0301      -0.0243       0.0194      -0.0155       0.0123      -0.0097       0.0077      -0.0060       1.0047      -0.0037       0.0029      -0.0022       0.0017      -0.0013       0.0010
     -0.0657       0.0796      -0.0806       0.0754      -0.0674       0.0586      -0.0499       0.0418      -0.0346       0.0284      -0.0231       0.0186      -0.0150       0.0120      -0.0095       0.0075      -0.0059       0.0047      -0.0037       1.0029      -0.0022       0.0017      -0.0014       0.0011      -0.0008
      0.0488      -0.0593       0.0602      -0.0565       0.0507      -0.0442       0.0377      -0.0317       0.0263      -0.0216       0.0176      -0.0143       0.0115      -0.0092       0.0073      -0.0058       0.0046      -0.0036       0.0029      -0.0022       1.0018      -0.0014       0.0011      -0.0008       0.0006
     -0.0361       0.0440      -0.0449       0.0423      -0.0381       0.0333      -0.0285       0.0240      -0.0200       0.0165      -0.0135       0.0109      -0.0088       0.0071      -0.0057       0.0045      -0.0036       0.0028      -0.0022       0.0017      -0.0014       1.0011      -0.0008       0.0006      -0.0005
      0.0267      -0.0327       0.0334      -0.0316       0.0285      -0.0250       0.0215      -0.0181       0.0151      -0.0125       0.0103      -0.0083       0.0067      -0.0054       0.0043      -0.0035       0.0028      -0.0022       0.0017      -0.0014       0.0011      -0.0008       1.0007      -0.0005       0.0004
     -0.0197       0.0242      -0.0248       0.0235      -0.0213       0.0188      -0.0161       0.0137      -0.0115       0.0095      -0.0078       0.0064      -0.0052       0.0042      -0.0033       0.0027      -0.0021       0.0017      -0.0013       0.0011      -0.0008       0.0006      -0.0005       1.0004      -0.0003
      0.0145      -0.0179       0.0184      -0.0175       0.0159      -0.0141       0.0121      -0.0103       0.0087      -0.0072       0.0059      -0.0048       0.0039      -0.0032       0.0026      -0.0020       0.0016      -0.0013       0.0010      -0.0008       0.0006      -0.0005       0.0004      -0.0003       1.0002
