      3.1232       2.8157       3.1241       3.2092       3.1563       3.0184       2.8305       2.6161       2.3911       2.1662       1.9484       1.7421       1.5498       1.3728       1.2115       1.0658       0.9349       0.8180       0.7141       0.6221       0.5410       0.4697       0.4072       0.3525       0.3047
      2.8157       4.7447       4.1668       4.2925       4.2337       4.0602       3.8182       3.5389       3.2436       2.9468       2.6579       2.3830       2.1259       1.8883       1.6711       1.4741       1.2966       1.1376       0.9958       0.8699       0.7586       0.6603       0.5740       0.4982       0.4319
      3.1241       4.1668       5.6497       4.8035       4.7511       4.5691       4.3087       4.0047       3.6807       3.3530       3.0326       2.7264       2.4388       2.1722       1.9275       1.7048       1.5036       1.3227       1.1609       1.0168       0.8890       0.7759       0.6762       0.5885       0.5114
      3.2092       4.2925       4.8035       5.9764       4.9358       4.7600       4.5011       4.1950       3.8661       3.5315       3.2027       2.8870       2.5894       2.3124       2.0574       1.8244       1.6132       1.4229       1.2521       1.0995       0.9637       0.8433       0.7368       0.6428       0.5601
      3.1563       4.2337       4.7511       4.9358       5.9091       4.7473       4.5014       4.2066       3.8873       3.5604       3.2374       2.9261       2.6313       2.3559       2.1015       1.8684       1.6563       1.4645       1.2920       1.1374       0.9994       0.8767       0.7678       0.6715       0.5865
      3.0184       4.0602       4.5691       4.7600       4.7473       5.6033       4.3767       4.1011       3.7998       3.4894       3.1812       2.8827       2.5990       2.3329       2.0862       1.8595       1.6525       1.4648       1.2954       1.1432       1.0069       0.8854       0.7773       0.6814       0.5965
      2.8305       3.8182       4.3087       4.5011       4.5014       4.3767       5.1724       3.9200       3.6416       3.3528       3.0645       2.7841       2.5164       2.2645       2.0300       1.8138       1.6159       1.4358       1.2727       1.1259       0.9940       0.8761       0.7709       0.6773       0.5943
      2.6161       3.5389       4.0047       4.1950       4.2066       4.1011       3.9200       4.6925       3.4391       3.1745       2.9089       2.6494       2.4006       2.1655       1.9461       1.7430       1.5565       1.3863       1.2317       1.0921       0.9664       0.8537       0.7529       0.6630       0.5830
      2.3911       3.2436       3.6807       3.8661       3.8873       3.7998       3.6416       3.4391       4.2114       2.9718       2.7300       2.4925       2.2639       2.0472       1.8442       1.6556       1.4819       1.3229       1.1781       1.0469       0.9285       0.8220       0.7266       0.6412       0.5651
      2.1662       2.9468       3.3530       3.5315       3.5604       3.4894       3.3528       3.1745       2.9718       3.7570       2.5389       2.3237       2.1157       1.9177       1.7315       1.5581       1.3978       1.2506       1.1163       0.9941       0.8836       0.7840       0.6944       0.6141       0.5424
      1.9484       2.6579       3.0326       3.2027       3.2374       3.1812       3.0645       2.9089       2.7300       2.5389       3.3437       2.1502       1.9623       1.7828       1.6134       1.4551       1.3084       1.1732       1.0495       0.9367       0.8343       0.7418       0.6584       0.5835       0.5164
      1.7421       2.3830       2.7264       2.8870       2.9261       2.8827       2.7841       2.6494       2.4925       2.3237       2.1502       2.9773       1.8087       1.6471       1.4940       1.3504       1.2169       1.0935       0.9803       0.8768       0.7826       0.6973       0.6202       0.5507       0.4883
      1.5498       2.1259       2.4388       2.5894       2.6313       2.5990       2.5164       2.4006       2.2639       2.1157       1.9623       1.8087       2.6583       1.5135       1.3759       1.2464       1.1256       1.0137       0.9106       0.8161       0.7300       0.6517       0.5808       0.5168       0.4591
      1.3728       1.8883       2.1722       2.3124       2.3559       2.3329       2.2645       2.1655       2.0472       1.9177       1.7828       1.6471       1.5135       2.3844       1.2613       1.1450       1.0362       0.9352       0.8418       0.7560       0.6776       0.6061       0.5412       0.4825       0.4295
      1.2115       1.6711       1.9275       2.0574       2.1015       2.0862       2.0300       1.9461       1.8442       1.7315       1.6134       1.4940       1.3759       1.2613       2.1516       1.0476       0.9501       0.8592       0.7750       0.6974       0.6262       0.5613       0.5021       0.4485       0.4000
      1.0658       1.4741       1.7048       1.8244       1.8684       1.8595       1.8138       1.7430       1.6556       1.5581       1.4551       1.3504       1.2464       1.1450       1.0476       1.9551       0.8679       0.7864       0.7108       0.6409       0.5766       0.5178       0.4641       0.4153       0.3710
      0.9349       1.2966       1.5036       1.6132       1.6563       1.6525       1.6159       1.5565       1.4819       1.3978       1.3084       1.2169       1.1256       1.0362       0.9501       0.8679       1.7903       0.7175       0.6498       0.5870       0.5291       0.4760       0.4275       0.3832       0.3430
      0.8180       1.1376       1.3227       1.4229       1.4645       1.4648       1.4358       1.3863       1.3229       1.2506       1.1732       1.0935       1.0137       0.9352       0.8592       0.7864       0.7175       1.6527       0.5922       0.5360       0.4841       0.4363       0.3925       0.3525       0.3160
      0.7141       0.9958       1.1609       1.2521       1.2920       1.2954       1.2727       1.2317       1.1781       1.1163       1.0495       0.9803       0.9106       0.8418       0.7750       0.7108       0.6498       0.5922       1.5383       0.4882       0.4417       0.3988       0.3594       0.3233       0.2904
      0.6221       0.8699       1.0168       1.0995       1.1374       1.1432       1.1259       1.0921       1.0469       0.9941       0.9367       0.8768       0.8161       0.7560       0.6974       0.6409       0.5870       0.5360       0.4882       1.4435       0.4019       0.3636       0.3282       0.2958       0.2661
      0.5410       0.7586       0.8890       0.9637       0.9994       1.0069       0.9940       0.9664       0.9285       0.8836       0.8343       0.7826       0.7300       0.6776       0.6262       0.5766       0.5291       0.4841       0.4417       0.4019       1.3650       0.3307       0.2990       0.2699       0.2433
      0.4697       0.6603       0.7759       0.8433       0.8767       0.8854       0.8761       0.8537       0.8220       0.7840       0.7418       0.6973       0.6517       0.6061       0.5613       0.5178       0.4760       0.4363       0.3988       0.3636       0.3307       1.3001       0.2719       0.2458       0.2219
      0.4072       0.5740       0.6762       0.7368       0.7678       0.7773       0.7709       0.7529       0.7266       0.6944       0.6584       0.6202       0.5808       0.5412       0.5021       0.4641       0.4275       0.3925       0.3594       0.3282       0.2990       0.2719       1.2467       0.2234       0.2020
      0.3525       0.4982       0.5885       0.6428       0.6715       0.6814       0.6773       0.6630       0.6412       0.6141       0.5835       0.5507       0.5168       0.4825       0.4485       0.4153       0.3832       0.3525       0.3233       0.2958       0.2699       0.2458       0.2234       1.2026       0.1835
      0.3047       0.4319       0.5114       0.5601       0.5865       0.5965       0.5943       0.5830       0.5651       0.5424       0.5164       0.4883       0.4591       0.4295       0.4000       0.3710       0.3430       0.3160       0.2904       0.2661       0.2433       0.2219       0.2020       0.1835       1.1664
