     -2.9879      -4.6254      -4.4886      -4.0327      -3.4688      -2.9013      -2.3795      -1.9235      -1.5376      -1.2183      -0.9584      -0.7494      -0.5831      -0.4518      -0.3487      -0.2683      -0.2058      -0.1575      -0.1203      -0.0916      -0.0697      -0.0529      -0.0401      -0.0304      -0.0230
     -4.6254      -4.3818      -5.2391      -4.7218      -4.0743      -3.4184      -2.8123      -2.2804      -1.8286      -1.4533      -1.1468      -0.8995      -0.7020      -0.5455      -0.4224      -0.3259      -0.2508      -0.1925      -0.1474      -0.1127      -0.0860      -0.0655      -0.0498      -0.0378      -0.0287
     -4.4886      -5.2391      -4.1162      -4.6254      -4.0036      -3.3694      -2.7806      -2.2616      -1.8190      -1.4501      -1.1477      -0.9029      -0.7068      -0.5509      -0.4278      -0.3311      -0.2555      -0.1967      -0.1511      -0.1158      -0.0886      -0.0677      -0.0516      -0.0393      -0.0299
     -4.0327      -4.7218      -4.6254      -3.1947      -3.6419      -3.0745      -2.5449      -2.0761      -1.6749      -1.3392      -1.0631      -0.8388      -0.6585      -0.5148      -0.4009      -0.3112      -0.2408      -0.1859      -0.1432      -0.1101      -0.0844      -0.0647      -0.0495      -0.0378      -0.0288
     -3.4688      -4.0743      -4.0036      -3.6419      -2.1717      -2.6856      -2.2297      -1.8245      -1.4762      -1.1838      -0.9425      -0.7458      -0.5872      -0.4603      -0.3595      -0.2798      -0.2172      -0.1681      -0.1298      -0.1001      -0.0770      -0.0591      -0.0453      -0.0347      -0.0265
     -2.9013      -3.4184      -3.3694      -3.0745      -2.6856      -1.2809      -1.8993      -1.5587      -1.2648      -1.0172      -0.8122      -0.6445      -0.5089      -0.4000      -0.3133      -0.2445      -0.1903      -0.1477      -0.1144      -0.0884      -0.0682      -0.0525      -0.0404      -0.0310      -0.0237
     -2.3795      -2.8123      -2.7806      -2.5449      -2.2297      -1.8993      -0.5862      -1.3055      -1.0625      -0.8569      -0.6861      -0.5460      -0.4323      -0.3407      -0.2676      -0.2094      -0.1634      -0.1272      -0.0987      -0.0765      -0.0592      -0.0457      -0.0352      -0.0271      -0.0208
     -1.9235      -2.2804      -2.2616      -2.0761      -1.8245      -1.5587      -1.3055      -0.0776      -0.8795      -0.7113      -0.5711      -0.4557      -0.3618      -0.2859      -0.2251      -0.1767      -0.1382      -0.1078      -0.0839      -0.0652      -0.0505      -0.0391      -0.0302      -0.0233      -0.0180
     -1.5376      -1.8286      -1.8190      -1.6749      -1.4762      -1.2648      -1.0625      -0.8795       0.2802      -0.5837      -0.4700      -0.3760      -0.2993      -0.2372      -0.1872      -0.1473      -0.1155      -0.0904      -0.0705      -0.0549      -0.0427      -0.0331      -0.0256      -0.0198      -0.0153
     -1.2183      -1.4533      -1.4501      -1.3392      -1.1838      -1.0172      -0.8569      -0.7113      -0.5837       0.5253      -0.3832      -0.3074      -0.2454      -0.1949      -0.1543      -0.1217      -0.0957      -0.0750      -0.0587      -0.0458      -0.0357      -0.0277      -0.0215      -0.0167      -0.0129
     -0.9584      -1.1468      -1.1477      -1.0631      -0.9425      -0.8122      -0.6861      -0.5711      -0.4700      -0.3832       0.6898      -0.2495      -0.1996      -0.1590      -0.1261      -0.0997      -0.0786      -0.0618      -0.0484      -0.0379      -0.0296      -0.0231      -0.0179      -0.0139      -0.0108
     -0.7494      -0.8995      -0.9029      -0.8388      -0.7458      -0.6445      -0.5460      -0.4557      -0.3760      -0.3074      -0.2495       0.7988      -0.1614      -0.1289      -0.1025      -0.0812      -0.0642      -0.0506      -0.0397      -0.0311      -0.0244      -0.0190      -0.0148      -0.0116      -0.0090
     -0.5831      -0.7020      -0.7068      -0.6585      -0.5872      -0.5089      -0.4323      -0.3618      -0.2993      -0.2454      -0.1996      -0.1614       0.8702      -0.1039      -0.0828      -0.0658      -0.0521      -0.0411      -0.0324      -0.0255      -0.0200      -0.0156      -0.0122      -0.0095      -0.0074
     -0.4518      -0.5455      -0.5509      -0.5148      -0.4603      -0.4000      -0.3407      -0.2859      -0.2372      -0.1949      -0.1590      -0.1289      -0.1039       0.9167      -0.0666      -0.0530      -0.0421      -0.0333      -0.0263      -0.0207      -0.0163      -0.0128      -0.0100      -0.0078      -0.0061
     -0.3487      -0.4224      -0.4278      -0.4009      -0.3595      -0.3133      -0.2676      -0.2251      -0.1872      -0.1543      -0.1261      -0.1025      -0.0828      -0.0666       0.9467      -0.0426      -0.0339      -0.0269      -0.0212      -0.0168      -0.0132      -0.0104      -0.0081      -0.0064      -0.0050
     -0.2683      -0.3259      -0.3311      -0.3112      -0.2798      -0.2445      -0.2094      -0.1767      -0.1473      -0.1217      -0.0997      -0.0812      -0.0658      -0.0530      -0.0426       0.9660      -0.0271      -0.0216      -0.0171      -0.0135      -0.0107      -0.0084      -0.0066      -0.0052      -0.0041
     -0.2058      -0.2508      -0.2555      -0.2408      -0.2172      -0.1903      -0.1634      -0.1382      -0.1155      -0.0957      -0.0786      -0.0642      -0.0521      -0.0421      -0.0339      -0.0271       0.9783      -0.0173      -0.0137      -0.0109      -0.0086      -0.0068      -0.0053      -0.0042      -0.0033
     -0.1575      -0.1925      -0.1967      -0.1859      -0.1681      -0.1477      -0.1272      -0.1078      -0.0904      -0.0750      -0.0618      -0.0506      -0.0411      -0.0333      -0.0269      -0.0216      -0.0173       0.9862      -0.0110      -0.0087      -0.0069      -0.0055      -0.0043      -0.0034      -0.0027
     -0.1203      -0.1474      -0.1511      -0.1432      -0.1298      -0.1144      -0.0987      -0.0839      -0.0705      -0.0587      -0.0484      -0.0397      -0.0324      -0.0263      -0.0212      -0.0171      -0.0137      -0.0110       0.9912      -0.0070      -0.0055      -0.0044      -0.0035      -0.0027      -0.0022
     -0.0916      -0.1127      -0.1158      -0.1101      -0.1001      -0.0884      -0.0765      -0.0652      -0.0549      -0.0458      -0.0379      -0.0311      -0.0255      -0.0207      -0.0168      -0.0135      -0.0109      -0.0087      -0.0070       0.9944      -0.0044      -0.0035      -0.0028      -0.0022      -0.0017
     -0.0697      -0.0860      -0.0886      -0.0844      -0.0770      -0.0682      -0.0592      -0.0505      -0.0427      -0.0357      -0.0296      -0.0244      -0.0200      -0.0163      -0.0132      -0.0107      -0.0086      -0.0069      -0.0055      -0.0044       0.9965      -0.0028      -0.0022      -0.0018      -0.0014
     -0.0529      -0.0655      -0.0677      -0.0647      -0.0591      -0.0525      -0.0457      -0.0391      -0.0331      -0.0277      -0.0231      -0.0190      -0.0156      -0.0128      -0.0104      -0.0084      -0.0068      -0.0055      -0.0044      -0.0035      -0.0028       0.9978      -0.0018      -0.0014      -0.0011
     -0.0401      -0.0498      -0.0516      -0.0495      -0.0453      -0.0404      -0.0352      -0.0302      -0.0256      -0.0215      -0.0179      -0.0148      -0.0122      -0.0100      -0.0081      -0.0066      -0.0053      -0.0043      -0.0035      -0.0028      -0.0022      -0.0018       0.9986      -0.0011      -0.0009
     -0.0304      -0.0378      -0.0393      -0.0378      -0.0347      -0.0310      -0.0271      -0.0233      -0.0198      -0.0167      -0.0139      -0.0116      -0.0095      -0.0078      -0.0064      -0.0052      -0.0042      -0.0034      -0.0027      -0.0022      -0.0018      -0.0014      -0.0011       0.9991      -0.0007
     -0.0230      -0.0287      -0.0299      -0.0288      -0.0265      -0.0237      -0.0208      -0.0180      -0.0153      -0.0129      -0.0108      -0.0090      -0.0074      -0.0061      -0.0050      -0.0041      -0.0033      -0.0027      -0.0022      -0.0017      -0.0014      -0.0011      -0.0009      -0.0007       0.9994
