      1.1599       0.2395      -0.0916      -0.1996      -0.1979      -0.1388      -0.0513       0.0479       0.1482       0.2434       0.3301       0.4064       0.4714       0.5254       0.5687       0.6021       0.6265       0.6430       0.6524       0.6559       0.6542       0.6482       0.6386       0.6262       0.6115
      0.2395       0.7038       0.1685      -0.0423      -0.0915      -0.0529       0.0334       0.1431       0.2613       0.3786       0.4890       0.5892       0.6772       0.7525       0.8149       0.8650       0.9036       0.9317       0.9502       0.9604       0.9631       0.9596       0.9507       0.9373       0.9201
     -0.0916       0.1685       0.5724       0.2550       0.1369       0.1302       0.1877       0.2807       0.3912       0.5073       0.6215       0.7287       0.8260       0.9118       0.9852       1.0462       1.0952       1.1329       1.1600       1.1776       1.1866       1.1880       1.1828       1.1719       1.1562
     -0.1996      -0.0423       0.2550       0.6387       0.4445       0.3804       0.3944       0.4551       0.5425       0.6431       0.7479       0.8507       0.9473       1.0353       1.1131       1.1800       1.2357       1.2804       1.3147       1.3392       1.3547       1.3620       1.3619       1.3553       1.3430
     -0.1979      -0.0915       0.1369       0.4445       0.8043       0.6779       0.6410       0.6608       0.7158       0.7915       0.8779       0.9678       1.0563       1.1400       1.2166       1.2846       1.3433       1.3923       1.4317       1.4618       1.4831       1.4961       1.5015       1.5000       1.4924
     -0.1388      -0.0529       0.1302       0.3804       0.6779       1.0078       0.9175       0.8920       0.9094       0.9544       1.0163       1.0875       1.1622       1.2363       1.3069       1.3719       1.4300       1.4804       1.5226       1.5565       1.5824       1.6003       1.6109       1.6145       1.6118
     -0.0513       0.0334       0.1877       0.3944       0.6410       0.9175       1.2152       1.1433       1.1206       1.1317       1.1655       1.2138       1.2705       1.3309       1.3916       1.4500       1.5043       1.5532       1.5958       1.6316       1.6604       1.6821       1.6970       1.7053       1.7073
      0.0479       0.1431       0.2807       0.4551       0.6608       0.8920       1.1433       1.4095       1.3465       1.3223       1.3259       1.3488       1.3846       1.4282       1.4760       1.5248       1.5724       1.6172       1.6577       1.6933       1.7232       1.7473       1.7654       1.7775       1.7837
      0.1482       0.2613       0.3912       0.5425       0.7158       0.9094       1.1206       1.3465       1.5836       1.5243       1.4970       1.4932       1.5062       1.5310       1.5634       1.6002       1.6387       1.6769       1.7133       1.7466       1.7760       1.8008       1.8207       1.8354       1.8450
      0.2434       0.3786       0.5073       0.6431       0.7915       0.9544       1.1317       1.3223       1.5243       1.7356       1.6776       1.6467       1.6361       1.6407       1.6561       1.6790       1.7064       1.7361       1.7663       1.7954       1.8224       1.8464       1.8667       1.8829       1.8948
      0.3301       0.4890       0.6215       0.7479       0.8779       1.0163       1.1655       1.3259       1.4970       1.6776       1.8662       1.8085       1.7742       1.7578       1.7552       1.7628       1.7776       1.7972       1.8195       1.8428       1.8658       1.8873       1.9066       1.9230       1.9360
      0.4064       0.5892       0.7287       0.8507       0.9678       1.0875       1.2138       1.3488       1.4932       1.6467       1.8085       1.9776       1.9198       1.8824       1.8613       1.8528       1.8539       1.8620       1.8750       1.8910       1.9085       1.9262       1.9431       1.9584       1.9714
      0.4714       0.6772       0.8260       0.9473       1.0563       1.1622       1.2705       1.3846       1.5062       1.6361       1.7742       1.9198       2.0720       2.0140       1.9743       1.9493       1.9360       1.9318       1.9344       1.9419       1.9526       1.9652       1.9784       1.9913       2.0031
      0.5254       0.7525       0.9118       1.0353       1.1400       1.2363       1.3309       1.4282       1.5310       1.6407       1.7578       1.8824       2.0140       2.1518       2.0938       2.0523       2.0243       2.0071       1.9985       1.9965       1.9994       2.0057       2.0141       2.0235       2.0330
      0.5687       0.8149       0.9852       1.1131       1.2166       1.3069       1.3916       1.4760       1.5634       1.6561       1.7552       1.8613       1.9743       2.0938       2.2192       2.1615       2.1186       2.0882       2.0679       2.0558       2.0500       2.0492       2.0517       2.0566       2.0628
      0.6021       0.8650       1.0462       1.1800       1.2846       1.3719       1.4500       1.5248       1.6002       1.6790       1.7628       1.8528       1.9493       2.0523       2.1615       2.2762       2.2188       2.1751       2.1429       2.1201       2.1051       2.0963       2.0923       2.0917       2.0936
      0.6265       0.9036       1.0952       1.2357       1.3433       1.4300       1.5043       1.5724       1.6387       1.7064       1.7776       1.8539       1.9360       2.0243       2.1186       2.2188       2.3243       2.2676       2.2233       2.1897       2.1651       2.1478       2.1364       2.1297       2.1266
      0.6430       0.9317       1.1329       1.2804       1.3923       1.4804       1.5532       1.6172       1.6769       1.7361       1.7972       1.8620       1.9318       2.0071       2.0882       2.1751       2.2676       2.3650       2.3090       2.2646       2.2300       2.2039       2.1847       2.1713       2.1624
      0.6524       0.9502       1.1600       1.3147       1.4317       1.5226       1.5958       1.6577       1.7133       1.7663       1.8195       1.8750       1.9344       1.9985       2.0679       2.1429       2.2233       2.3090       2.3995       2.3444       2.2999       2.2647       2.2374       2.2168       2.2017
      0.6559       0.9604       1.1776       1.3392       1.4618       1.5565       1.6316       1.6933       1.7466       1.7954       1.8428       1.8910       1.9419       1.9965       2.0558       2.1201       2.1897       2.2646       2.3444       2.4287       2.3745       2.3303       2.2947       2.2666       2.2448
      0.6542       0.9631       1.1866       1.3547       1.4831       1.5824       1.6604       1.7232       1.7760       1.8224       1.8658       1.9085       1.9526       1.9994       2.0500       2.1051       2.1651       2.2300       2.2999       2.3745       2.4535       2.4003       2.3564       2.3206       2.2919
      0.6482       0.9596       1.1880       1.3620       1.4961       1.6003       1.6821       1.7473       1.8008       1.8464       1.8873       1.9262       1.9652       2.0057       2.0492       2.0963       2.1478       2.2039       2.2647       2.3303       2.4003       2.4745       2.4224       2.3789       2.3431
      0.6386       0.9507       1.1828       1.3619       1.5015       1.6109       1.6970       1.7654       1.8207       1.8667       1.9066       1.9431       1.9784       2.0141       2.0517       2.0923       2.1364       2.1847       2.2374       2.2947       2.3564       2.4224       2.4923       2.4413       2.3983
      0.6262       0.9373       1.1719       1.3553       1.5000       1.6145       1.7053       1.7775       1.8354       1.8829       1.9230       1.9584       1.9913       2.0235       2.0566       2.0917       2.1297       2.1713       2.2168       2.2666       2.3206       2.3789       2.4413       2.5074       2.4575
      0.6115       0.9201       1.1562       1.3430       1.4924       1.6118       1.7073       1.7837       1.8450       1.8948       1.9360       1.9714       2.0031       2.0330       2.0628       2.0936       2.1266       2.1624       2.2017       2.2448       2.2919       2.3431       2.3983       2.4575       2.5202
