     -5.5670      -0.6620       1.3485       1.7065       1.5567       1.3306       1.1416       1.0013       0.8984       0.8206       0.7595       0.7097       0.6677       0.6315       0.5999       0.5718       0.5467       0.5240       0.5034       0.4847       0.4674       0.4516       0.4369       0.4234       0.4107       0.3989       0.3879       0.3775
     -0.6620      -2.4731      -0.5536       1.2758       1.9836       2.0405       1.8662       1.6566       1.4754       1.3325       1.2213       1.1334       1.0618       1.0017       0.9501       0.9049       0.8648       0.8287       0.7961       0.7664       0.7391       0.7141       0.6909       0.6694       0.6494       0.6308       0.6133       0.5970
      1.3485      -0.5536      -1.0887      -0.2010       1.2299       2.0407       2.2675       2.1904       2.0103       1.8229       1.6609       1.5291       1.4227       1.3357       1.2628       1.2004       1.1458       1.0973       1.0536       1.0141       0.9779       0.9447       0.9140       0.8855       0.8591       0.8344       0.8113       0.7897
      1.7065       1.2758      -0.2010      -0.3280       0.1424       1.2464       2.0434       2.3756       2.3922       2.2611       2.0881       1.9221       1.7791       1.6603       1.5619       1.4793       1.4086       1.3469       1.2921       1.2429       1.1982       1.1572       1.1195       1.0846       1.0522       1.0220       0.9937       0.9672
      1.5567       1.9836       1.2299       0.1424       0.1628       0.4340       1.2993       2.0389       2.4269       2.5191       2.4412       2.2936       2.1338       1.9872       1.8609       1.7544       1.6643       1.5871       1.5198       1.4601       1.4065       1.3579       1.3133       1.2721       1.2340       1.1984       1.1652       1.1341
      1.3306       2.0405       2.0407       1.2464       0.4340       0.5139       0.6766       1.3688       2.0396       2.4512       2.5998       2.5713       2.4539       2.3072       2.1626       2.0330       1.9211       1.8254       1.7430       1.6711       1.6075       1.5505       1.4987       1.4512       1.4074       1.3667       1.3287       1.2932
      1.1416       1.8662       2.2675       2.0434       1.2993       0.6766       0.7820       0.8797       1.4443       2.0476       2.4632       2.6515       2.6661       2.5797       2.4499       2.3116       2.1821       2.0672       1.9674       1.8810       1.8055       1.7386       1.6787       1.6244       1.5746       1.5287       1.4859       1.4461
      1.0013       1.6566       2.1904       2.3756       2.0389       1.3688       0.8797       0.9959       1.0519       1.5203       2.0618       2.4700       2.6851       2.7354       2.6788       2.5678       2.4389       2.3120       2.1962       2.0939       2.0044       1.9259       1.8564       1.7942       1.7378       1.6861       1.6384       1.5941
      0.8984       1.4754       2.0103       2.3922       2.4269       2.0396       1.4443       1.0519       1.1718       1.1999       1.5940       2.0807       2.4752       2.7073       2.7866       2.7571       2.6656       2.5478       2.4258       2.3108       2.2073       2.1157       2.0348       1.9631       1.8989       1.8407       1.7875       1.7384
      0.8206       1.3325       1.8229       2.2611       2.5191       2.4512       2.0476       1.5203       1.1999       1.3200       1.3287       1.6642       2.1030       2.4805       2.7224       2.8246       2.8194       2.7470       2.6414       2.5258       2.4131       2.3094       2.2165       2.1339       2.0604       1.9945       1.9349       1.8804
      0.7595       1.2213       1.6609       2.0881       2.4412       2.5998       2.4632       2.0618       1.5940       1.3287       1.4470       1.4419       1.7305       2.1274       2.4865       2.7330       2.8531       2.8690       2.8148       2.7220       2.6139       2.5046       2.4018       2.3083       2.2245       2.1497       2.0824       2.0215
      0.7097       1.1334       1.5291       1.9221       2.2936       2.5713       2.6515       2.4700       2.0807       1.6642       1.4419       1.5575       1.5424       1.7929       2.1531       2.4935       2.7409       2.8747       2.9088       2.8715       2.7915       2.6916       2.5867       2.4856       2.3923       2.3078       2.2318       2.1634
      0.6677       1.0618       1.4227       1.7791       2.1338       2.4539       2.6661       2.6851       2.4752       2.1030       1.7305       1.5424       1.6548       1.6324       1.8514       2.1795       2.5016       2.7471       2.8912       2.9409       2.9191       2.8516       2.7603       2.6605       2.5619       2.4692       2.3845       2.3078
      0.6315       1.0017       1.3357       1.6603       1.9872       2.3072       2.5797       2.7354       2.7073       2.4805       2.1274       1.7929       1.6324       1.7413       1.7134       1.9062       2.2062       2.5107       2.7525       2.9040       2.9668       2.9591       2.9037       2.8211       2.7269       2.6313       2.5399       2.4553
      0.5999       0.9501       1.2628       1.5619       1.8609       2.1626       2.4499       2.6788       2.7866       2.7224       2.4865       2.1531       1.8514       1.7134       1.8190       1.7870       1.9577       2.2328       2.5205       2.7575       2.9141       2.9879       2.9929       2.9488       2.8750       2.7868       2.6947       2.6050
      0.5718       0.9049       1.2004       1.4793       1.7544       2.0330       2.3116       2.5678       2.7571       2.8246       2.7330       2.4935       2.1795       1.9062       1.7870       1.8891       1.8541       2.0060       2.2592       2.5311       2.7623       2.9222       3.0052       3.0214       2.9881       2.9229       2.8408       2.7526
      0.5467       0.8648       1.1458       1.4086       1.6643       1.9211       2.1821       2.4389       2.6656       2.8194       2.8531       2.7409       2.5016       2.2062       1.9577       1.8541       1.9529       1.9157       2.0514       2.2850       2.5422       2.7671       2.9289       3.0194       3.0457       3.0223       2.9655       2.8897
      0.5240       0.8287       1.0973       1.3469       1.5871       1.8254       2.0672       2.3120       2.5478       2.7470       2.8690       2.8747       2.7471       2.5107       2.2328       2.0060       1.9157       2.0113       1.9724       2.0942       2.3104       2.5537       2.7720       2.9346       3.0313       3.0663       3.0521       3.0035
      0.5034       0.7961       1.0536       1.2921       1.5198       1.7430       1.9674       2.1962       2.4258       2.6414       2.8148       2.9088       2.8912       2.7525       2.5205       2.2592       2.0514       1.9724       2.0650       2.0248       2.1345       2.3351       2.5655       2.7771       2.9395       3.0411       3.0840       3.0782
      0.4847       0.7664       1.0141       1.2429       1.4601       1.6711       1.8810       2.0939       2.3108       2.5258       2.7220       2.8715       2.9409       2.9040       2.7575       2.5311       2.2850       2.0942       2.0248       2.1146       2.0735       2.1726       2.3591       2.5776       2.7823       2.9439       3.0494       3.0991
      0.4674       0.7391       0.9779       1.1982       1.4065       1.6075       1.8055       2.0044       2.2073       2.4131       2.6139       2.7915       2.9191       2.9668       2.9141       2.7623       2.5422       2.3104       2.1345       2.0735       2.1605       2.1189       2.2087       2.3825       2.5898       2.7878       2.9480       3.0565
      0.4516       0.7141       0.9447       1.1572       1.3579       1.5505       1.7386       1.9259       2.1157       2.3094       2.5046       2.6916       2.8516       2.9591       2.9879       2.9222       2.7671       2.5537       2.3351       2.1726       2.1189       2.2033       2.1613       2.2428       2.4052       2.6021       2.7935       2.9518
      0.4369       0.6909       0.9140       1.1195       1.3133       1.4987       1.6787       1.8564       2.0348       2.2165       2.4018       2.5867       2.7603       2.9037       2.9929       3.0052       2.9289       2.7720       2.5655       2.3591       2.2087       2.1613       2.2432       2.2010       2.2753       2.4272       2.6144       2.7993
      0.4234       0.6694       0.8855       1.0846       1.2721       1.4512       1.6244       1.7942       1.9631       2.1339       2.3083       2.4856       2.6605       2.8211       2.9488       3.0214       3.0194       2.9346       2.7771       2.5776       2.3825       2.2428       2.2010       2.2806       2.2384       2.3061       2.4485       2.6266
      0.4107       0.6494       0.8591       1.0522       1.2340       1.4074       1.5746       1.7378       1.8989       2.0604       2.2245       2.3923       2.5619       2.7269       2.8750       2.9881       3.0457       3.0313       2.9395       2.7823       2.5898       2.4052       2.2753       2.2384       2.3157       2.2736       2.3354       2.4692
      0.3989       0.6308       0.8344       1.0220       1.1984       1.3667       1.5287       1.6861       1.8407       1.9945       2.1497       2.3078       2.4692       2.6313       2.7868       2.9229       3.0223       3.0663       3.0411       2.9439       2.7878       2.6021       2.4272       2.3061       2.2736       2.3488       2.3068       2.3633
      0.3879       0.6133       0.8113       0.9937       1.1652       1.3287       1.4859       1.6384       1.7875       1.9349       2.0824       2.2318       2.3845       2.5399       2.6947       2.8408       2.9655       3.0521       3.0840       3.0494       2.9480       2.7935       2.6144       2.4485       2.3354       2.3068       2.3800       2.3382
      0.3775       0.5970       0.7897       0.9672       1.1341       1.2932       1.4461       1.5941       1.7384       1.8804       2.0215       2.1634       2.3078       2.4553       2.6050       2.7526       2.8897       3.0035       3.0782       3.0991       3.0565       2.9518       2.7993       2.6266       2.4692       2.3633       2.3382       2.4095
