     -1.3728      -3.2480      -2.6111      -1.5548      -0.6210       0.0712       0.5368       0.8259       0.9895       1.0691       1.0949       1.0880       1.0625       1.0272       0.9878       0.9476       0.9084       0.8712       0.8364       0.8042       0.7744       0.7470       0.7217       0.6984       0.6768
     -3.2480      -1.6337      -2.4421      -2.0101      -1.2134      -0.4121       0.2574       0.7618       1.1131       1.3392       1.4705       1.5339       1.5508       1.5375       1.5055       1.4629       1.4152       1.3658       1.3168       1.2695       1.2247       1.1825       1.1431       1.1064       1.0721
     -2.6111      -2.4421      -1.0186      -1.5745      -1.3285      -0.7585      -0.1174       0.4692       0.9495       1.3125       1.5675       1.7325       1.8271       1.8693       1.8742       1.8539       1.8173       1.7710       1.7196       1.6662       1.6130       1.5612       1.5115       1.4643       1.4199
     -1.5548      -2.0101      -1.5745      -0.4101      -0.8667      -0.7403      -0.3295       0.1809       0.6832       1.1220       1.4750       1.7397       1.9244       2.0419       2.1058       2.1291       2.1229       2.0961       2.0558       2.0071       1.9538       1.8988       1.8437       1.7898       1.7377
     -0.6210      -1.2134      -1.3285      -0.8667       0.1003      -0.2992      -0.2479       0.0519       0.4611       0.8896       1.2841       1.6178       1.8813       2.0758       2.2088       2.2900       2.3297       2.3376       2.3219       2.2897       2.2462       2.1959       2.1417       2.0860       2.0302
      0.0712      -0.4121      -0.7585      -0.7403      -0.2992       0.5227       0.1633       0.1663       0.3871       0.7183       1.0845       1.4371       1.7480       2.0040       2.2018       2.3446       2.4388       2.4923       2.5130       2.5085       2.4851       2.4484       2.4026       2.3512       2.2966
      0.5368       0.2574      -0.1174      -0.3295      -0.2479       0.1633       0.8759       0.5476       0.5188       0.6821       0.9524       1.2667       1.5814       1.8688       2.1140       2.3108       2.4591       2.5627       2.6272       2.6593       2.6652       2.6508       2.6214       2.5811       2.5336
      0.8259       0.7618       0.4692       0.1809       0.0519       0.1663       0.5476       1.1757       0.8727       0.8227       0.9429       1.1652       1.4362       1.7172       1.9820       2.2148       2.4076       2.5583       2.6683       2.7417       2.7833       2.7986       2.7929       2.7708       2.7366
      0.9895       1.1131       0.9495       0.6832       0.4611       0.3871       0.5188       0.8727       1.4338       1.1521       1.0876       1.1751       1.3589       1.5937       1.8450       2.0885       2.3084       2.4955       2.6462       2.7604       2.8405       2.8901       2.9138       2.9160       2.9011
      1.0691       1.3392       1.3125       1.1220       0.8896       0.7183       0.6821       0.8227       1.1521       1.6587       1.3953       1.3209       1.3831       1.5357       1.7400       1.9653       2.1891       2.3960       2.5765       2.7256       2.8421       2.9271       2.9833       3.0142       3.0237
      1.0949       1.4705       1.5675       1.4750       1.2841       1.0845       0.9524       0.9429       1.0876       1.3953       1.8569       1.6094       1.5282       1.5706       1.6977       1.8760       2.0785       2.2843       2.4787       2.6518       2.7982       2.9156       3.0042       3.0657       3.1028
      1.0880       1.5339       1.7325       1.7397       1.6178       1.4371       1.2667       1.1652       1.1751       1.3209       1.6094       2.0332       1.7996       1.7139       1.7406       1.8465       2.0028       2.1851       2.3745       2.5569       2.7225       2.8654       2.9826       3.0736       3.1392
      1.0625       1.5508       1.8271       1.9244       1.8813       1.7480       1.5814       1.4362       1.3589       1.3831       1.5282       1.7996       2.1913       1.9701       1.8814       1.8954       1.9838       2.1211       2.2857       2.4601       2.6311       2.7892       2.9280       3.0443       3.1367
      1.0272       1.5375       1.8693       2.0419       2.0758       2.0040       1.8688       1.7172       1.5937       1.5357       1.5706       1.7139       1.9701       2.3341       2.1240       2.0335       2.0373       2.1108       2.2317       2.3806       2.5415       2.7018       2.8524       2.9869       3.1016
      0.9878       1.5055       1.8742       2.1058       2.2088       2.2018       2.1140       1.9820       1.8450       1.7400       1.6977       1.7406       1.8814       2.1240       2.4639       2.2637       2.1723       2.1677       2.2286       2.3353       2.4703       2.6188       2.7692       2.9126       3.0426
      0.9476       1.4629       1.8539       2.1291       2.2900       2.3446       2.3108       2.2148       2.0885       1.9653       1.8760       1.8465       1.8954       2.0335       2.2637       2.5826       2.3914       2.2996       2.2881       2.3384       2.4326       2.5552       2.6925       2.8336       2.9700
      0.9084       1.4152       1.8173       2.1229       2.3297       2.4388       2.4591       2.4076       2.3084       2.1891       2.0785       2.0028       1.9838       2.0373       2.1723       2.3914       2.6915       2.5086       2.4169       2.3998       2.4408       2.5242       2.6357       2.7628       2.8952
      0.8712       1.3658       1.7710       2.0961       2.3376       2.4923       2.5627       2.5583       2.4955       2.3960       2.2843       2.1851       2.1211       2.1108       2.1677       2.2996       2.5086       2.7921       2.6167       2.5254       2.5036       2.5367       2.6105       2.7120       2.8298
      0.8364       1.3168       1.7196       2.0558       2.3219       2.5130       2.6272       2.6683       2.6462       2.5765       2.4787       2.3745       2.2857       2.2317       2.2286       2.2881       2.4169       2.6167       2.8853       2.7168       2.6261       2.6005       2.6267       2.6920       2.7846
      0.8042       1.2695       1.6662       2.0071       2.2897       2.5085       2.6593       2.7417       2.7604       2.7256       2.6518       2.5569       2.4601       2.3806       2.3353       2.3384       2.3998       2.5254       2.7168       2.9719       2.8098       2.7200       2.6911       2.7113       2.7691
      0.7744       1.2247       1.6130       1.9538       2.2462       2.4851       2.6652       2.7833       2.8405       2.8421       2.7982       2.7225       2.6311       2.5415       2.4703       2.4326       2.4408       2.5036       2.6261       2.8098       3.0528       2.8965       2.8077       2.7761       2.7911
      0.7470       1.1825       1.5612       1.8988       2.1959       2.4484       2.6508       2.7986       2.8901       2.9271       2.9156       2.8654       2.7892       2.7018       2.6188       2.5552       2.5242       2.5367       2.6005       2.7200       2.8965       3.1284       2.9776       2.8898       2.8560
      0.7217       1.1431       1.5115       1.8437       2.1417       2.4026       2.6214       2.7929       2.9138       2.9833       3.0042       2.9826       2.9280       2.8524       2.7692       2.6925       2.6357       2.6105       2.6267       2.6911       2.8077       2.9776       3.1994       3.0537       2.9671
      0.6984       1.1064       1.4643       1.7898       2.0860       2.3512       2.5811       2.7708       2.9160       3.0142       3.0657       3.0736       3.0443       2.9869       2.9126       2.8336       2.7628       2.7120       2.6920       2.7113       2.7761       2.8898       3.0537       3.2662       3.1252
      0.6768       1.0721       1.4199       1.7377       2.0302       2.2966       2.5336       2.7366       2.9011       3.0237       3.1028       3.1392       3.1367       3.1016       3.0426       2.9700       2.8952       2.8298       2.7846       2.7691       2.7911       2.8560       2.9671       3.1252       3.3292
