   -414.0935    -522.7922    -550.7709    -535.6422    -497.1303    -446.9864    -392.4617    -338.0200    -286.3269    -238.8682    -196.3555    -158.9975    -126.6859     -99.1205     -75.8955     -56.5567     -40.6398     -27.6942     -17.2977      -9.0646      -2.6494       2.2532       5.9090       8.5473      10.3636
   -522.7922    -579.9763    -609.8603    -591.6254    -547.3173    -490.0957    -428.0944    -366.3277    -307.7923    -254.1582    -206.2221    -164.2127    -127.9991     -97.2323     -71.4434     -50.1078     -32.6895     -18.6679      -7.5553       1.0943       7.6808      12.5570      16.0307      18.3670      19.7921
   -550.7709    -609.8603    -539.7573    -520.7133    -478.4178    -424.7821    -367.1689    -310.1115    -256.3096    -207.2549    -163.6434    -125.6531     -93.1343     -65.7395     -43.0126     -24.4487      -9.5343       2.2277      11.3020      18.1129      23.0401      26.4185      28.5392      29.6526      29.9719
   -535.6422    -591.6254    -520.7133    -391.1223    -354.0529    -308.6141    -260.6433    -213.7122    -169.9222    -130.4064     -95.6602     -65.7659     -40.5459     -19.6677      -2.7161      10.7583      21.2072      29.0638      34.7311      38.5748      40.9207      42.0549      42.2249      41.6426      40.4869
   -497.1303    -547.3173    -478.4178    -354.0529    -207.8345    -172.1735    -135.7434    -100.9630     -69.2094     -41.1756     -17.1074       3.0363      19.4730      32.5218      42.5512      49.9457      55.0824      58.3173      59.9773      60.3558      59.7119      58.2704      56.2243      53.7365      50.9435
   -446.9864    -490.0957    -424.7821    -308.6141    -172.1735     -33.2342      -8.4027      14.0885      33.6104      49.9305      63.0702      73.2074      80.6102      85.5916      88.4792      89.5951      89.2438      87.7045      85.2275      82.0328      78.3109      74.2241      69.9083      65.4762      61.0191
   -392.4617    -428.0944    -367.1689    -260.6433    -135.7434      -8.4027     112.0319     123.1292     131.2420     136.5823     139.4345     140.1168     138.9548     136.2647     132.3424     127.4574     121.8499     115.7299     109.2778     102.6461      95.9613      89.3270      82.8257      76.5220      70.4645
   -338.0200    -366.3277    -310.1115    -213.7122    -100.9630      14.0885     123.1292     221.4672     219.5186     215.1213     208.8052     201.0242     192.1652     182.5554     172.4697     162.1365     151.7430     141.4409     131.3509     121.5667     112.1593     103.1801      94.6642      86.6334      79.0980
   -286.3269    -307.7923    -256.3096    -169.9222     -69.2094      33.6104     131.2420     219.5186     296.3195     283.6490     269.5009     254.4550     238.9591     223.3581     207.9154     192.8293     178.2465     164.2720     150.9778     138.4092     126.5906     115.5300     105.2220      95.6518      86.7968
   -238.8682    -254.1582    -207.2549    -130.4064     -41.1756      49.9305     136.5823     215.1213     283.6490     341.4337     320.8430     299.7883     278.7761     258.1725     238.2374     219.1496     201.0259     183.9362     167.9146     152.9684     139.0847     126.2360     114.3846     103.4853      93.4884
   -196.3555    -206.2221    -163.6434     -95.6602     -17.1074      63.0702     139.4345     208.8052     269.5009     320.8430     362.8161     336.9748     311.5436     286.9121     263.3425     241.0026     219.9891     200.3468     182.0818     165.1727     149.5783     135.2439     122.1059     110.0956      99.1415
   -158.9975    -164.2127    -125.6531     -65.7659       3.0363      73.2074     140.1168     201.0242     254.4550     299.7883     336.9748     366.3379     337.5121     309.7678     283.3742     258.4943     235.2130     213.5583     193.5172     175.0479     158.0885     142.5642     128.3924     115.4865     103.7587
   -126.6859    -127.9991     -93.1343     -40.5459      19.4730      80.6102     138.9548     192.1652     238.9591     278.7761     311.5436     337.5121     357.1360     327.1091     298.6307     271.8642     246.8888     223.7228     202.3412     182.6887     164.6897     148.2555     133.2901     119.6943     107.3684
    -99.1205     -97.2323     -65.7395     -19.6677      32.5218      85.5916     136.2647     182.5554     223.3581     258.1725     286.9121     309.7678     327.1091     339.4128     309.5058     281.4359     255.2813     231.0562     208.7292     188.2374     169.4969     152.4105     136.8738     122.7791     110.0191
    -75.8955     -71.4434     -43.0126      -2.7161      42.5512      88.4792     132.3424     172.4697     207.9154     238.2374     263.3425     283.3742     298.6307     309.5058     316.4451     287.5805     260.6984     235.8129     212.8908     191.8663     172.6514     155.1449     139.2378     124.8180     111.7737
    -56.5567     -50.1078     -24.4487      10.7583      49.9457      89.5951     127.4574     162.1365     192.8293     219.1496     241.0026     258.4943     271.8642     281.4359     287.5805     290.6898     263.4683     238.2671     215.0544     193.7647     174.3101     156.5883     140.4891     125.8991     112.7046
    -40.6398     -32.6895      -9.5343      21.2072      55.0824      89.2438     121.8499     151.7430     178.2465     201.0259     219.9891     235.2130     246.8888     255.2813     260.6984     263.4683     263.9235     238.6985     215.4546     194.1293     174.6371     156.8775     140.7416     126.1168     112.8902
    -27.6942     -18.6679       2.2277      29.0638      58.3173      87.7045     115.7299     141.4409     164.2720     183.9362     200.3468     213.5583     223.7228     231.0562     235.8129     238.2671     238.6985     237.3824     214.3241     193.1562     173.7975     156.1510     140.1113     125.5683     112.4116
    -17.2977      -7.5553      11.3020      34.7311      59.9773      85.2275     109.2778     131.3509     150.9778     167.9146     182.0818     193.5172     202.3412     208.7292     212.8908     215.0544     215.4546     214.3241     211.8873     191.0358     171.9522     154.5449     138.7129     124.3502     111.3499
     -9.0646       1.0943      18.1129      38.5748      60.3558      82.0328     102.6461     121.5667     138.4092     152.9684     165.1727     175.0479     182.6887     188.2374     191.8663     193.7647     194.1293     193.1562     191.0358     187.9487     169.2553     152.1900     136.6573     122.5563     109.7846
     -2.6494       7.6808      23.0401      40.9207      59.7119      78.3109      95.9613     112.1593     126.5906     139.0847     149.5783     158.0885     164.6897     169.4969     172.6514     174.3101     174.6371     173.7975     171.9522     169.2553     165.8509     149.2095     134.0497     120.2762     107.7918
      2.2532      12.5570      26.4185      42.0549      58.2704      74.2241      89.3270     103.1801     115.5300     126.2360     135.2439     142.5642     148.2555     152.4105     155.1449     156.5883     156.8775     156.1510     154.5449     152.1900     149.2095     145.7179     130.9882     117.5940     105.4434
      5.9090      16.0307      28.5392      42.2249      56.2243      69.9083      82.8257      94.6642     105.2220     114.3846     122.1059     128.3924     133.2901     136.8738     139.2378     140.4891     140.7416     140.1113     138.7129     136.6573     134.0497     130.9882     127.5631     114.5873     102.8061
      8.5473      18.3670      29.6526      41.6426      53.7365      65.4762      76.5220      86.6334      95.6518     103.4853     110.0956     115.4865     119.6943     122.7791     124.8180     125.8991     126.1168     125.5683     124.3502     122.5563     120.2762     117.5940     114.5873     111.3271      99.9411
     10.3636      19.7921      29.9719      40.4869      50.9435      61.0191      70.4645      79.0980      86.7968      93.4884      99.1415     103.7587     107.3684     110.0191     111.7737     112.7046     112.8902     112.4116     111.3499     109.7846     107.7918     105.4434     102.8061      99.9411      96.9040
