     21.0435     -15.0358       8.9882      -4.9743       2.6356      -1.3578       0.6859      -0.3415       0.1681      -0.0821       0.0398      -0.0191       0.0092      -0.0044       0.0021      -0.0010       0.0005      -0.0002       0.0001      -0.0000       0.0000      -0.0000       0.0000      -0.0000       0.0000      -0.0000       0.0000      -0.0000
    -15.0358      -3.1070       1.8824      -1.0559       0.5671      -0.2962       0.1517      -0.0766       0.0382      -0.0189       0.0093      -0.0045       0.0022      -0.0011       0.0005      -0.0002       0.0001      -0.0001       0.0000      -0.0000       0.0000      -0.0000       0.0000      -0.0000       0.0000      -0.0000       0.0000      -0.0000
      8.9882       1.8824       0.2310      -0.1163       0.0554      -0.0253       0.0111      -0.0047       0.0019      -0.0007       0.0002      -0.0001       0.0000       0.0000      -0.0000       0.0000      -0.0000       0.0000      -0.0000       0.0000      -0.0000       0.0000      -0.0000       0.0000      -0.0000       0.0000      -0.0000       0.0000
     -4.9743      -1.0559      -0.1163      -2.1110       1.1282      -0.5863       0.2988      -0.1501       0.0746      -0.0367       0.0179      -0.0087       0.0042      -0.0020       0.0010      -0.0005       0.0002      -0.0001       0.0001      -0.0000       0.0000      -0.0000       0.0000      -0.0000       0.0000      -0.0000       0.0000      -0.0000
      2.6356       0.5671       0.0554       1.1282      -0.1730       0.0933      -0.0492       0.0256      -0.0131       0.0067      -0.0034       0.0017      -0.0008       0.0004      -0.0002       0.0001      -0.0000       0.0000      -0.0000       0.0000      -0.0000       0.0000      -0.0000       0.0000      -0.0000       0.0000      -0.0000       0.0000
     -1.3578      -0.2962      -0.0253      -0.5863       0.0933      -0.3727       0.1904      -0.0959       0.0477      -0.0236       0.0115      -0.0056       0.0027      -0.0013       0.0006      -0.0003       0.0001      -0.0001       0.0000      -0.0000       0.0000      -0.0000       0.0000      -0.0000       0.0000      -0.0000       0.0000      -0.0000
      0.6859       0.1517       0.0111       0.2988      -0.0492       0.1904       0.0079      -0.0033       0.0013      -0.0005       0.0002      -0.0000       0.0000       0.0000      -0.0000       0.0000      -0.0000       0.0000      -0.0000       0.0000      -0.0000       0.0000      -0.0000       0.0000      -0.0000       0.0000      -0.0000       0.0000
     -0.3415      -0.0766      -0.0047      -0.1501       0.0256      -0.0959      -0.0033      -0.0555       0.0276      -0.0136       0.0067      -0.0033       0.0016      -0.0008       0.0004      -0.0002       0.0001      -0.0000       0.0000      -0.0000       0.0000      -0.0000       0.0000      -0.0000       0.0000      -0.0000       0.0000      -0.0000
      0.1681       0.0382       0.0019       0.0746      -0.0131       0.0477       0.0013       0.0276       0.0092      -0.0044       0.0021      -0.0010       0.0005      -0.0002       0.0001      -0.0000       0.0000      -0.0000       0.0000      -0.0000       0.0000      -0.0000       0.0000      -0.0000       0.0000      -0.0000       0.0000      -0.0000
     -0.0821      -0.0189      -0.0007      -0.0367       0.0067      -0.0236      -0.0005      -0.0136      -0.0044      -0.0089       0.0043      -0.0021       0.0010      -0.0005       0.0002      -0.0001       0.0001      -0.0000       0.0000      -0.0000       0.0000      -0.0000       0.0000      -0.0000       0.0000      -0.0000       0.0000      -0.0000
      0.0398       0.0093       0.0002       0.0179      -0.0034       0.0115       0.0002       0.0067       0.0021       0.0043       0.0027      -0.0013       0.0006      -0.0003       0.0001      -0.0001       0.0000      -0.0000       0.0000      -0.0000       0.0000      -0.0000       0.0000      -0.0000       0.0000      -0.0000       0.0000      -0.0000
     -0.0191      -0.0045      -0.0001      -0.0087       0.0017      -0.0056      -0.0000      -0.0033      -0.0010      -0.0021      -0.0013      -0.0016       0.0008      -0.0004       0.0002      -0.0001       0.0000      -0.0000       0.0000      -0.0000       0.0000      -0.0000       0.0000      -0.0000       0.0000      -0.0000       0.0000      -0.0000
      0.0092       0.0022       0.0000       0.0042      -0.0008       0.0027       0.0000       0.0016       0.0005       0.0010       0.0006       0.0008       0.0006      -0.0003       0.0001      -0.0001       0.0000      -0.0000       0.0000      -0.0000       0.0000      -0.0000       0.0000      -0.0000       0.0000      -0.0000       0.0000      -0.0000
     -0.0044      -0.0011       0.0000      -0.0020       0.0004      -0.0013       0.0000      -0.0008      -0.0002      -0.0005      -0.0003      -0.0004      -0.0003      -0.0003       0.0001      -0.0001       0.0000      -0.0000       0.0000      -0.0000       0.0000      -0.0000       0.0000      -0.0000       0.0000      -0.0000       0.0000      -0.0000
      0.0021       0.0005      -0.0000       0.0010      -0.0002       0.0006      -0.0000       0.0004       0.0001       0.0002       0.0001       0.0002       0.0001       0.0001       0.0001      -0.0001       0.0000      -0.0000       0.0000      -0.0000       0.0000      -0.0000       0.0000      -0.0000       0.0000      -0.0000       0.0000      -0.0000
     -0.0010      -0.0002       0.0000      -0.0005       0.0001      -0.0003       0.0000      -0.0002      -0.0000      -0.0001      -0.0001      -0.0001      -0.0001      -0.0001      -0.0001      -0.0001       0.0000      -0.0000       0.0000      -0.0000       0.0000      -0.0000       0.0000      -0.0000       0.0000      -0.0000       0.0000      -0.0000
      0.0005       0.0001      -0.0000       0.0002      -0.0000       0.0001      -0.0000       0.0001       0.0000       0.0001       0.0000       0.0000       0.0000       0.0000       0.0000       0.0000       0.0000      -0.0000       0.0000      -0.0000       0.0000      -0.0000       0.0000      -0.0000       0.0000      -0.0000       0.0000      -0.0000
     -0.0002      -0.0001       0.0000      -0.0001       0.0000      -0.0001       0.0000      -0.0000      -0.0000      -0.0000      -0.0000      -0.0000      -0.0000      -0.0000      -0.0000      -0.0000      -0.0000      -0.0000       0.0000      -0.0000       0.0000      -0.0000       0.0000      -0.0000       0.0000      -0.0000       0.0000      -0.0000
      0.0001       0.0000      -0.0000       0.0001      -0.0000       0.0000      -0.0000       0.0000       0.0000       0.0000       0.0000       0.0000       0.0000       0.0000       0.0000       0.0000       0.0000       0.0000       0.0000      -0.0000       0.0000      -0.0000       0.0000      -0.0000       0.0000      -0.0000       0.0000      -0.0000
     -0.0000      -0.0000       0.0000      -0.0000       0.0000      -0.0000       0.0000      -0.0000      -0.0000      -0.0000      -0.0000      -0.0000      -0.0000      -0.0000      -0.0000      -0.0000      -0.0000      -0.0000      -0.0000      -0.0000       0.0000      -0.0000       0.0000      -0.0000       0.0000      -0.0000       0.0000      -0.0000
      0.0000       0.0000      -0.0000       0.0000      -0.0000       0.0000      -0.0000       0.0000       0.0000       0.0000       0.0000       0.0000       0.0000       0.0000       0.0000       0.0000       0.0000       0.0000       0.0000       0.0000       0.0000      -0.0000       0.0000      -0.0000       0.0000      -0.0000       0.0000      -0.0000
     -0.0000      -0.0000       0.0000      -0.0000       0.0000      -0.0000       0.0000      -0.0000      -0.0000      -0.0000      -0.0000      -0.0000      -0.0000      -0.0000      -0.0000      -0.0000      -0.0000      -0.0000      -0.0000      -0.0000      -0.0000      -0.0000       0.0000      -0.0000       0.0000      -0.0000       0.0000      -0.0000
      0.0000       0.0000      -0.0000       0.0000      -0.0000       0.0000      -0.0000       0.0000       0.0000       0.0000       0.0000       0.0000       0.0000       0.0000       0.0000       0.0000       0.0000       0.0000       0.0000       0.0000       0.0000       0.0000       0.0000      -0.0000       0.0000      -0.0000       0.0000      -0.0000
     -0.0000      -0.0000       0.0000      -0.0000       0.0000      -0.0000       0.0000      -0.0000      -0.0000      -0.0000      -0.0000      -0.0000      -0.0000      -0.0000      -0.0000      -0.0000      -0.0000      -0.0000      -0.0000      -0.0000      -0.0000      -0.0000      -0.0000      -0.0000       0.0000      -0.0000       0.0000      -0.0000
      0.0000       0.0000      -0.0000       0.0000      -0.0000       0.0000      -0.0000       0.0000       0.0000       0.0000       0.0000       0.0000       0.0000       0.0000       0.0000       0.0000       0.0000       0.0000       0.0000       0.0000       0.0000       0.0000       0.0000       0.0000       0.0000      -0.0000       0.0000      -0.0000
     -0.0000      -0.0000       0.0000      -0.0000       0.0000      -0.0000       0.0000      -0.0000      -0.0000      -0.0000      -0.0000      -0.0000      -0.0000      -0.0000      -0.0000      -0.0000      -0.0000      -0.0000      -0.0000      -0.0000      -0.0000      -0.0000      -0.0000      -0.0000      -0.0000      -0.0000       0.0000      -0.0000
      0.0000       0.0000      -0.0000       0.0000      -0.0000       0.0000      -0.0000       0.0000       0.0000       0.0000       0.0000       0.0000       0.0000       0.0000       0.0000       0.0000       0.0000       0.0000       0.0000       0.0000       0.0000       0.0000       0.0000       0.0000       0.0000       0.0000       0.0000      -0.0000
     -0.0000      -0.0000       0.0000      -0.0000       0.0000      -0.0000       0.0000      -0.0000      -0.0000      -0.0000      -0.0000      -0.0000      -0.0000      -0.0000      -0.0000      -0.0000      -0.0000      -0.0000      -0.0000      -0.0000      -0.0000      -0.0000      -0.0000      -0.0000      -0.0000      -0.0000      -0.0000      -0.0000
